4910157
420
420
96321
8429137
420
3917905
8280882
566778
420
420
420
7858463
420
6964495
5973169
1414108
420
420
1451383
420
8078523
5485780
4620793
420
8802320
7414550
420
420
420
420
9545774
420
2484372
6415210
420
420
420
5472193
420
4351972
420
9865287
5840320
420
6509981
6017952
1903083
4853004
5415543
420
6981252
9092644
420
1456438
6770718
420
420
4845909
420
420
6076407
420
420
4414307
4573508
2895923
4060104
5188077
420
420
420
4256814
420
3766373
8531145
420
420
5456321
1936559
6448940
4965094
3550675
420
420
8446871
420
8667684
420
5176948
9225818
420
420
9618031
5475265
6269858
9376567
420
420
9502372
992187
7468098
7405798
8273028
420
3681347
420
420
8185498
420
420
7400723
79903
9946897
1384509
420
2560287
3134515
956850
9429851
9486833
420
420
8430983
420
420
3815111
348103
420
195123
3298396
420
420
178514
420
6184570
420
420
420
5497812
6197356
420
420
420
420
420
5960022
7015931
8785467
5566051
420
1666225
3583325
420
4787727
420
612111
559000
33902
1630354
420
9757256
13022
420
2247208
502977
8046990
1221650
4941378
420
420
420
420
420
7925723
2129132
420
420
420
8561514
420
9886936
420
9277897
420
1984855
420
5796114
420
420
7938674
420
559616
9896779
420
114679
9708090
6340470
420
420
9490978
420
8626410
420
8755881
1428742
9363337
420
4852836
420
715787
420
420
6400372
420
420
6964845
7581015
3361593
3520590
420
8370754
8911722
420
4148615
7682218
428987
8103037
5773382
420
642844
6296520
5200538
420
6178624
2660644
420
420
9939079
147760
7398151
420
420
1408888
5321768
5794666
420
1438318
6477986
420
807155
8755381
7362413
7781179
420
8337857
6179823
3467678
7987465
420
6488124
2908490
420
420
9339273
9467087
5594864
5513986
2365996
420
595028
420
420
2364714
420
420
5275788
420
420
4414214
3975301
1340648
420
6357211
420
3247819
5821512
8586193
2244215
4330365
9483963
6134888
9732776
7724082
9579130
420
420
7395291
4883270
420
420
6337077
3139228
420
5389067
420
420
7518334
6182476
420
420
420
420
420
3893732
5837884
769083
7073296
420
7132803
347503
3218329
6565260
9756073
9847568
3583493
420
8221492
420
420
3451077
420
7383637
6445106
699408
3995301
5144238
4323991
420
7821499
9452772
420
420
5794593
7703543
3140773
420
7877726
4588251
1975625
8517745
7926498
420
420
3620420
420
6281712
9812907
1384401
420
420
8848260
7559373
420
420
420
4316920
2042521
2749902
3253536
4348981
3028059
1977638
420
420
420
420
3561944
420
420
420
420
420
325915
5639221
420
420
5381084
420
420
420
665996
420
420
420
420
420
8914642
2329815
8254165
420
420
420
9569405
497435
4728616
7607900
420
420
420
420
7042009
8160971
7626389
462822
420
420
8655282
7321474
2121788
9398710
420
260639
420
420
4724551
420
5823504
8969159
7308755
420
1031880
420
420
420
6358915
420
420
6377452
420
8598148
5182127
420
420
5879262
420
9639184
420
9867891
2101476
1791169
420
8336367
505472
420
420
6503158
8948210
8320536
420
9649987
2496561
420
7817643
1258405
2095215
420
420
420
3740960
5878777
3674875
420
1752532
2348256
1755438
420
7855424
420
2074323
2105244
420
420
420
420
6209146
4647443
633312
420
1480037
420
2417150
6468060
5502684
4775547
8279831
420
420
7136357
420
420
420
420
420
420
420
420
420
3331181
2815262
1874392
420
4091973
420
420
420
3718576
420
7364872
9020697
420
420
3288237
9930218
4039552
533664
34871
420
4441706
1202048
420
4362293
1946571
3667254
404346
9058804
9462475
420
420
420
4238783
420
1362666
485073
420
9815468
9893769
8149053
1920257
3965233
9978136
4235590
7450726
420
3332428
6374596
420
4005536
420
6377271
8130096
8456528
420
4179136
420
420
1317360
420
8091952
420
420
5396425
1666448
675601
420
2299417
420
4562967
420
7694601
3420788
420
420
862108
420
8169588
1023645
4510595
4964852
9540146
420
420
420
9229521
420
837773
420
5295713
486896
6620721
420
420
420
420
420
420
417149
420
420
8197264
1760042
4915048
8333391
420
1489172
420
420
420
420
420
927895
420
6799746
6016056
8175151
3270301
6348
447143
2799707
2501183
420
420
9577345
420
420
420
6001214
420
198622
4632117
604211
420
420
769298
420
1821374
614845
4188713
9311347
6714748
420
420
9197305
420
420
2778696
420
5501437
420
163505
3340501
279112
7876597
4990886
2095718
4523912
420
420
8817011
5349878
1772632
420
9132661
82509
7806325
420
420
4246209
3268218
8362973
9416210
420
2938029
1165428
8325515
420
420
9984949
420
420
420
420
825149
6524087
420
420
420
746826
5966520
420
420
420
420
6630261
7080816
420
420
2495926
6971186
6224455
8728350
2123585
698230
704450
4896071
3564064
6681536
948970
420
420
420
9459483
420
1556111
5524932
420
420
5479490
7373627
300094
420
7230108
420
420
3954988
8352369
4344519
9682490
420
2065827
420
2913564
7796252
1340246
420
420
6858473
420
2752227
420
420
420
2842185
4628894
6606649
9872131
1734067
420
9341033
420
420
2244341
123709
420
420
4938310
420
5610218
7957512
8787971
420
5145437
7837768
3372664
2686469
1776383
4390333
420
3921620
420
4566990
420
4258381
420
4800821
420
2899369
420
6599310
6296983
420
6015922
420
4125219
6829311
420
5820196
9380093
420
1442263
9385664
3692118
1387811
2412866
420
1398884
420
1914417
5821098
420
420
420
8163670
420
420
7336188
420
9747540
420
420
420
3050391
420
8288413
2488996
9137392
420
8431291
1076776
2830305
2416205
1328306
420
7768791
3495576
420
1509802
1170414
2435326
6150901
4329189
5965455
7549631
4908864
4384134
420
8509292
420
1511909
4643613
8834515
420
420
420
1384321
7023588
8656289
7222685
1652295
3461872
420
420
420
186443
9970626
420
7499295
420
420
8353420
420
2509171
420
420
420
3286261
3517726
65599
9128634
420
8595353
4059365
786358
420
420
420
3330368
420
420
420
420
4953922
420
8531375
420
420
6900623
420
4876181
5346713
8758937
9259691
8994222
420
45046
3966409
420
420
7323496
4448542
9774117
4451465
420
7135318
420
4476752
2559276
4197305
9849703
420
498672
420
420
2094006
420
420
2185750
420
8836431
4134196
755688
6999377
735761
9559502
444037
420
420
345986
420
420
8015335
8451906
6737452
1582459
420
8472500
2286937
3025464
420
420
7748691
5949303
420
420
1240412
2899035
3219316
7479493
6388711
420
420
8043306
8746382
420
5231461
420
7122408
7488680
420
420
5149661
4999983
420
9961743
420
420
420
2053810
420
5533730
4269947
420
420
5458756
6334643
4643138
1670276
9969907
420
24866
1602724
1367727
420
6126566
169952
6336523
4195103
487
8149062
420
6276641
420
1405355
369460
2056954
6775391
420
420
420
8901931
5098947
5823629
6629620
6000516
6210222
420
7914792
3401001
6853317
4428978
420
9274224
420
420
4676945
2360906
1452040
420
420
420
2521282
9952257
1540092
5571773
6891827
4087756
856154
2501702
420
1557587
420
5697605
219003
1276135
1598329
420
420
9281512
420
420
7108687
317031
420
3738038
2836329
420
3880770
7202743
420
1148169
420
6473274
3842546
985983
683629
1581952
2305024
3251034
420
8658959
3394437
420
2962
2323487
6140067
7847575
420
9939544
6071959
2861680
420
2292111
420
5491213
420
4146642
420
420
420
420
9392052
7598494
420
420
420
9040529
420
420
420
2859314
2094691
420
9315263
420
4865564
4166826
7327236
3717523
4096483
420
1366727
420
61746
420
491881
3959491
420
420
2621340
5791622
6676233
420
420
420
4715164
1757059
420
420
420
420
3529137
3683341
7188960
7096824
1377035
420
7499184
4237607
4261888
4063063
420
420
7561298
420
2787226
2373980
420
420
420
420
857725
420
420
4004838
420
7424079
4244673
3716012
2616020
9441298
420
4655130
420
420
420
420
420
9858664
420
420
420
2641362
3578465
420
2907729
420
900425
7034408
420
420
420
3784255
1923411
5504578
1661268
3426828
7756365
420
368574
420
3069509
383221
6550341
4191719
420
420
7381977
834928
420
3530669
420
420
420
420
420
420
7432391
937621
2418764
420
4728666
420
420
6627661
420
420
420
1441
3627756
420
6590819
5976076
9545626
420
4010997
5233746
1334751
8256710
9487263
420
4178377
8962072
420
121297
5455163
420
7502785
714910
420
7072237
3304025
9792921
51705
3594431
420
1004593
4004456
420
8551463
3630060
6019408
6679128
1138022
7179476
3270303
6351603
420
5681413
9750478
420
6437524
9400523
8285633
9682048
420
3792230
1905154
420
1637178
2103705
420
420
420
9955122
420
1896578
767797
420
1335126
4821672
4032532
2253447
3118274
2387395
420
420
420
8496898
5325722
420
6805647
1417522
420
693504
5028292
420
1490047
420
420
420
420
1845003
420
420
8496412
420
6577392
4937929
4101588
657337
420
448935
1409996
420
35497
5589410
420
6774775
420
1223804
2996947
3524852
8039012
3175474
420
420
5333683
7562218
9645910
420
420
7829442
5521306
6398895
2632841
3221938
9408330
9981498
5514320
420
2126153
420
4093668
420
420
420
1231051
7353080
420
4006036
979791
420
4612481
420
1051252
8613185
420
420
420
3134467
6268080
2194045
420
420
8325525
420
498234
420
420
2585391
7473262
4908831
5320853
420
6137165
6428678
420
3788355
1633795
420
6616887
6975191
420
420
7649606
420
420
2987705
420
3978732
420
3090235
3444213
420
3652002
420
420
420
420
420
1150794
2893600
420
420
78485
7543926
9164061
78396
420
420
420
420
420
420
5793966
1435242
4620087
3106950
8037420
6555185
420
420
6734505
420
1898120
4470700
420
8311124
420
420
141228
420
420
852010
4660471
420
420
7167166
420
5458263
420
12059
420
420
420
9156997
7002814
4426168
1905483
700078
1195106
1899815
9375510
9869393
420
420
2294623
3736639
420
420
420
9691807
7817791
420
420
6774013
420
203832
420
7613359
420
1474833
4421581
5795061
954026
420
420
420
420
420
8538442
420
420
3584089
5500135
420
420
420
5172795
866431
420
5934137
420
420
420
6324097
450355
420
8919032
2019716
6622861
5847859
6701868
420
3038068
4505758
5467757
2322765
5199082
2419309
420
1800583
808864
420
9036656
7810055
1535214
3677631
420
420
1720722
3707891
420
550025
420
2602628
79491
420
420
3666770
420
420
420
420
2039912
984830
420
5616021
420
6784307
420
9989856
760717
7167156
3080626
420
420
4324811
420
420
4714875
420
420
3551731
3963024
2288031
2585096
420
8974835
6638020
8461170
8308317
420
7940908
420
4624712
420
5481098
420
708303
4677719
7467594
3821111
420
6828291
3792006
420
420
1576054
8923266
8629460
420
420
4858072
708213
232799
1728262
8292455
5102681
3624891
3098822
420
420
420
8515604
6216810
420
7456876
420
826159
1294427
8384683
4504201
1247409
420
420
8584786
3000113
7940676
984293
2660748
7159696
420
3708448
420
420
6163501
8517508
2993667
420
7951718
420
420
6200817
7269534
9542897
420
2885170
1707182
730003
420
420
9078000
9420075
8232096
420
420
420
8339514
4102223
420
5477390
6236712
5080126
420
6601195
3359472
420
420
518885
5778429
6508857
420
8483193
1142780
1112357
5235620
420
8094524
420
7773937
420
2686845
8747155
420
420
420
420
420
420
420
7688812
420
2955254
420
8990665
6009198
3364159
7363314
2735439
8116777
420
1926457
420
6071607
420
420
4460293
5586048
420
420
420
420
214541
420
8895303
7931188
420
8894938
7671900
420
6794178
420
4105859
5398743
2090937
420
2095990
6318615
5086741
7668831
5234195
82608
773279
2884703
7499590
420
420
7329337
420
3865296
420
8611879
7566989
76305
9183770
6513650
3022052
9215224
420
420
6848666
420
5750963
6204107
4547829
420
7913987
420
5242623
4425666
601119
8192810
3977077
420
420
420
5032211
8982712
2619352
420
4048986
7678091
7043831
6606029
2054719
1340273
7581060
420
420
420
3121865
420
420
420
420
6450322
420
420
1035952
420
1254456
420
3239863
4955840
420
420
420
5937487
420
401661
3403192
420
6314676
8935129
7563192
420
2387530
893997
6719216
420
2301349
3775228
5859613
420
420
420
420
9934265
420
3724260
420
3591055
7245857
1224196
2675422
420
420
9197065
420
7156130
420
973405
420
6235512
420
4272132
420
420
420
3548110
1860854
420
420
8914501
9685678
371631
420
420
3350365
9379784
420
1075894
5392135
4489687
420
6354319
420
420
4744767
8412123
2041405
987032
6796189
420
420
420
4852799
420
420
420
6821512
4889567
2631878
1301263
7674296
420
756442
5244402
420
420
420
420
420
8270682
4951413
4076461
420
420
420
420
2374910
3873455
8289441
1676358
3922683
3783951
1026534
1401860
9738681
420
9802318
8365487
420
4513173
2038679
8581463
7184066
1801777
420
9907215
7999877
5010596
420
455075
9796132
2266772
420
7478952
4662588
3405785
9603856
420
420
2798213
6481100
788225
4421907
59169
5912475
6929455
420
7852286
4217778
9946406
420
5439174
420
420
5528187
2334298
1696048
129346
6887556
420
420
1290419
420
9320999
6949471
420
420
420
420
5628049
4592438
420
1505749
420
420
8898486
8867051
996358
6848761
4460065
8161313
1445149
5651481
1053802
213600
420
1070422
420
420
3000698
5400007
420
8187363
9954472
420
420
7683367
9712930
9639630
9569578
9774759
420
420
420
3209967
420
1074791
8684450
6238570
4747987
4294907
8333698
9662343
7212138
6586943
4346678
6782539
9237675
9742671
625296
420
420
420
9771093
420
420
420
3248694
5600007
420
420
2468860
420
7332978
5444798
3848993
2635476
1960928
8323977
9922877
308875
9133985
7238481
420
5935282
9165269
420
420
7468380
3184153
7926922
7907009
420
5574818
420
420
420
8270363
420
4262951
420
4442498
3534923
420
420
420
8028064
420
2614132
4094440
420
420
7916767
3274731
420
2092927
4121426
1753099
7233158
7609234
420
9483547
4033525
420
2019560
3780792
420
8722587
420
4724785
420
420
420
2622403
420
3702148
8271159
8270374
420
8726252
420
8604260
8196790
2971463
1983699
420
420
8158584
7804519
420
9550176
420
420
9938464
6613427
420
420
5565691
8670309
420
420
8244649
420
420
5848291
6186955
420
420
420
7142500
8602178
1540065
5819706
3185572
7078115
420
420
420
420
420
678689
5738492
910543
2480770
7129419
1586221
6592583
420
2115318
7541224
420
420
3188819
420
2885814
5922243
6108505
4899751
2302455
420
258774
420
420
420
420
420
6985736
420
420
420
420
4887767
3928283
1819094
420
4476055
420
420
4187211
420
8581196
5924064
7416375
5503433
6619794
5884502
420
4834309
2015335
420
420
3151513
1107286
1830402
420
420
1093727
4186787
1404575
420
5324507
2072278
3321670
8324677
420
2042062
9367611
420
9700867
9447999
420
997417
420
4628615
9875133
6403996
420
7643344
420
4843737
420
9767220
420
420
420
1874329
4003706
791029
420
420
420
420
420
1638375
420
7715819
3524386
9690485
2424034
2854783
94736
5346153
420
4090272
420
6933100
4858192
3427926
420
420
3336554
420
2828551
420
1891652
9817045
420
5812872
8049968
2842862
9664892
420
6724751
1920206
5632691
420
2541144
5566250
3020899
420
6259914
9705142
420
5614565
420
420
420
2612650
8551232
7333797
2878146
420
1405421
851872
420
420
5288406
1966172
7831636
9698463
420
420
420
420
7917273
420
323461
5478540
5404909
5938864
420
420
4088269
420
8279091
4062346
420
9510514
8274972
5321960
7630178
420
4821661
420
6047496
6073843
9822692
6055503
4929004
6723992
1984590
420
2730887
574055
8251064
7823448
420
4399990
420
420
298620
420
420
420
420
7890753
8101364
7080625
501704
420
259436
420
7685143
420
6770049
4886990
9069064
2551030
8766182
420
420
3009005
5465912
926021
8085593
420
5383063
420
420
5490971
420
8809789
1430870
420
3168926
3047581
420
9060283
1169384
7308605
420
420
1557773
5909365
1815295
420
420
3927709
1870969
9243880
420
7312500
420
420
420
420
6724931
5286628
420
4646131
420
7900321
420
4308054
881740
420
6982693
8015439
9097962
7157452
2211713
4190098
655536
6683515
420
420
420
2087059
2429333
8405785
6452896
1020135
420
420
420
420
420
4971343
9944594
1303033
420
420
420
7649523
982034
2565506
2562417
420
512841
420
1617724
8245359
420
2135349
420
5580231
9959725
8057316
3260562
420
6505396
420
420
420
6723273
420
420
420
118585
1723924
572074
8518154
9844550
5675231
420
420
420
420
5284943
420
420
9545780
6755593
4259242
6343066
1348467
420
420
1481691
7279411
2844360
420
420
4345172
420
4473429
2201107
9781563
9390841
7331819
3460988
488219
465465
420
420
420
81572
3736605
8634822
420
8590562
3488776
420
420
5408703
420
420
420
420
8280302
420
420
2419219
2635579
420
7841164
9565217
420
4588473
8194238
2105579
8141301
5260186
9776653
302566
5148778
420
420
420
7122156
420
9873818
6326194
718925
420
420
1026122
5862369
4374178
6044443
4663532
3203732
4281911
420
420
1762943
3775819
8861609
4916104
420
4849258
2643903
420
4918645
420
1003473
420
2140397
420
420
5096190
4619016
9285573
8019060
2592163
641479
6771039
420
8154255
4425767
194561
1737848
4895368
420
9602774
7000589
6891697
420
9053890
3103739
3400676
7630451
3156343
8659486
420
420
4014679
420
4495429
4832459
2676128
420
420
4762547
3487019
2026972
420
420
7177626
9034978
9674089
6911521
5581813
2919365
420
420
420
1920057
819290
420
420
469805
420
2477646
420
420
4526060
415716
4618758
420
9680519
3278331
5767647
5845358
420
420
420
420
420
7279753
691920
7475924
420
1877934
420
4310240
420
7035713
420
9082292
3039861
8441283
9885295
420
2392801
9335130
1850305
3200649
7378552
8163949
9553079
1490159
5298310
420
2434562
5168662
190043
420
420
420
2829710
420
3904004
420
5866129
2216508
370934
420
7038650
420
420
8415196
3249757
5305168
420
5852371
4823655
420
6104235
420
420
9148130
420
5114851
8973186
420
7883731
5848278
5074718
8843275
420
9085268
9463255
420
384500
4198030
4789980
6974043
9435701
420
3635854
5430355
420
420
4555958
420
2016069
8816294
420
3532077
4194100
7848369
5407534
2204825
6457107
420
420
5506195
7935943
4006458
420
4557478
4756035
420
616376
420
420
2863730
420
5552803
2882851
420
420
420
420
2315036
420
420
4251144
420
420
5950524
420
420
4928702
350327
420
420
1226465
3988925
1028710
5674786
420
420
2190006
2258241
5709851
6166932
630863
3954015
7274260
420
5980406
420
7578316
4674594
7538500
7681476
4946212
7814708
420
6379534
1355129
420
420
5903353
420
7858798
7947812
420
420
6326781
219646
420
217106
420
6332706
420
3064472
420
4964553
420
420
538278
420
7412388
420
420
3045484
570670
1826032
4049638
1823795
9759703
6222887
420
5140504
1562003
420
420
659702
420
6013075
8968135
1926309
4057260
4442578
420
7753059
412018
420
4757827
4327568
420
9996925
7531562
8762857
3220077
420
8993347
8579206
3882506
4491936
7536837
9980811
420
8904060
420
1823947
420
420
8584825
420
420
2025288
156974
420
1649994
4791577
7197985
2298446
2819740
420
420
8444700
6293032
9156183
420
775254
420
8397241
420
420
1229102
690661
420
5366625
3696084
2424722
2664097
420
420
615416
420
4840716
420
420
420
2359011
420
420
4985168
8301867
3481683
1299192
420
420
420
7520975
420
420
6227329
9735569
930710
420
420
420
420
420
420
420
9351859
9200549
9069817
420
8066863
420
6791171
1481090
3907061
8176013
8659801
420
6660569
420
5928330
9463272
7001433
8917325
420
2205415
8538302
4904196
3423533
420
420
420
420
4074246
420
420
7856609
6432939
9053987
1640983
9540597
7189881
5652003
420
5429975
4362271
420
420
6391874
5025574
3084015
420
420
1230921
7625060
420
9137942
5876168
420
420
420
7596559
420
3322007
2368948
8714871
5822685
420
1428652
420
1981981
420
9203474
7299165
420
2608584
420
420
121463
2137713
5018453
420
8552626
420
3398598
2531809
420
6153052
420
5329859
420
9223542
420
1065480
420
420
7759177
7907367
2242634
303455
1858549
285053
420
420
373931
420
420
420
420
420
420
420
420
5300313
6592734
9824813
8850110
420
420
420
420
3435566
420
4973071
6633399
2142994
6917570
4866093
8966456
420
8228841
420
5459026
9950903
9684013
420
420
6124044
420
420
9248713
420
420
6308302
420
2960404
2221604
420
6039375
7774505
8090244
420
7553161
5167002
24402
420
8688575
420
4077809
420
638077
5044401
7630303
420
5731691
191543
420
7945868
1758704
1437135
8286015
420
6403925
5295395
3211122
5899878
6133317
420
420
420
9195603
9085784
4073464
420
420
420
420
3671308
566777
420
420
2259039
420
8069966
9424046
507085
420
3070887
420
420
8138218
420
1014791
6645491
420
6958518
2437799
420
5003343
5774331
6188404
420
8947721
1234570
420
7198134
420
420
5065866
420
8795691
7779755
420
8011227
420
3586366
420
4186545
7250956
7819917
6166034
4074498
3079237
5254355
420
1961341
9987621
1526865
625358
4990965
420
1849153
420
420
619631
420
420
2622208
1997284
2969039
3638603
5603399
1380517
6779397
420
2518179
908343
420
420
6275565
2381815
6694550
3091777
420
420
2589332
420
420
6957130
5702474
7959231
840646
420
1981753
420
5139537
420
640184
420
2943089
420
420
7610338
6573422
7742327
420
420
1003558
9305591
7158724
4069557
420
420
420
3397827
3596320
1135367
5094779
4860598
420
7677090
5531985
420
420
2965795
3743759
2493391
7870003
420
420
2612035
9260858
1318936
420
4846394
420
7545057
4084690
5371391
8363105
7116986
9058587
420
420
9397255
954618
7432956
420
420
1483632
5774506
7494337
7614950
420
420
3532811
420
487175
420
420
7308568
3848602
8279113
8014544
420
420
420
9893868
1303084
7581434
5302073
1347021
579542
420
7660709
8522781
420
1727347
420
420
9907543
420
1536803
9488177
420
420
1200050
420
420
3600472
420
8021986
5396918
420
6842989
420
4692105
5844657
420
6408258
420
8814505
1104551
420
838559
3840647
420
420
9231029
5472364
420
420
2057037
2840409
6358563
2200520
4231463
5730084
2847363
8330588
7744645
420
420
6287716
16845
5739098
3499869
420
1364398
420
420
3595702
420
420
2152700
8017314
7387340
420
420
420
447623
420
5827326
2163852
7395428
420
3449077
7146010
420
9600646
9495174
420
2594945
420
420
3201929
4448807
420
9541975
316833
8735151
420
6878910
420
2759371
420
420
420
8720201
420
3003674
420
5869862
3042956
1352004
8511042
420
420
420
420
7271693
420
5402969
8208848
9160610
420
420
911706
3458869
420
420
5144170
420
7805885
5299619
420
420
420
420
420
420
3438653
420
9113418
420
420
420
420
420
420
5552937
8703100
420
438623
7714804
420
1428941
420
9562820
420
2556280
420
8243603
420
2902171
420
7720533
8511218
682674
420
420
9151181
2267730
8104701
420
694482
1085930
5340033
5335777
1203148
5484924
6403566
9060150
9385139
7805561
4556103
420
420
5263073
2184565
1495569
2687728
420
3222228
2724187
5051268
420
420
5203901
271241
9298396
2792168
6377912
2320741
2637324
420
420
420
2776347
420
420
9011404
420
420
7274146
420
420
420
8541425
420
420
1988361
3280007
5979742
9511698
420
420
7762103
8510793
4266423
3809873
552477
6313681
420
6399391
1197104
420
420
420
2109018
3645715
5257584
4130083
2414752
420
7046355
800942
9310253
7977251
420
7219973
3394726
2958641
8840888
5362849
420
7322412
1099716
2383353
7481371
194547
6046575
420
5332217
420
420
8060618
3350083
420
8894171
9076944
9143446
7644114
5353538
6776776
420
3162831
6125132
3695753
4434114
4027463
3910971
5396320
3883692
6049830
9174794
420
5460625
420
420
7359332
420
1996605
7405387
887381
420
420
6250600
4293737
420
420
420
420
9503503
2147070
420
420
420
984531
420
138154
5078034
5762357
9602385
4009565
420
420
8269841
420
3144325
420
1891279
420
420
1079416
3642823
420
8776187
420
3765953
3972658
420
420
7860249
420
4048802
3176444
6253626
420
420
2504601
8977137
2464466
3363724
420
9997446
420
3247051
3730358
420
3867494
1702075
9667486
9871618
4959456
5927428
6977895
6629838
5355942
420
420
420
3797660
305488
420
5636791
987831
2932070
1397712
7582892
420
4120370
420
420
420
420
420
420
420
3203925
420
5992700
7494229
420
420
6545866
420
8616299
2563804
6371891
420
4874952
4800627
7342528
1473304
420
420
3430221
420
420
9379375
8353087
9696269
420
3935025
420
9544912
6649525
420
420
420
5578308
723871
420
2202334
420
420
2836383
3633118
420
4467875
420
801936
9878253
420
4290983
420
6226765
420
8054472
9939249
420
7725907
420
235976
1463409
420
8833798
1377419
6761947
4284465
5675923
420
420
5241747
7629907
420
4163040
5799382
6810753
420
517584
420
420
6051626
6914664
3959142
420
420
5626171
7082068
9856133
420
7384202
6042785
420
3346497
4580202
6439924
2655278
420
420
420
1458357
4902246
420
4384054
420
8078875
3484544
6705460
420
590002
4520371
420
420
5947749
2847889
7434488
1749122
420
7821439
9244766
6108288
3588247
6109766
8436859
420
5176390
8215789
420
420
3161546
420
420
5953228
420
420
4088108
364329
420
3280387
4566255
2968396
4656727
5284789
420
3583355
1343158
3270261
4855364
2356158
1362210
420
420
420
420
3037269
420
2768956
4938121
1221643
2705330
7076603
9733920
1676451
420
6180623
6559328
420
9424111
4627224
420
1043048
420
8306551
8421392
4580660
5166241
9758228
7014281
7886698
420
5825657
9633873
788391
5201579
6623132
3800858
2615527
4800157
420
2414662
9532915
8545484
420
9077877
3216682
2164490
8761675
2128165
1333936
701733
420
1231591
5116987
420
8836861
2828074
1486363
4743583
2925415
6072942
420
3670786
1915832
420
8229898
420
9968522
6056396
420
5886500
420
4428297
7359018
7544212
420
420
420
3315481
4986494
7040159
420
5534546
5251408
8625220
420
9754578
420
474675
420
6058046
7571810
420
8976100
9875250
2108764
1174622
5544059
2295499
8591637
420
2835084
9668573
420
9276414
420
4731063
420
420
3786137
420
5168257
8543165
1621900
7082566
326549
420
8834726
4883455
420
145579
420
8584158
2660077
420
6823753
8535916
4482554
2632021
420
3951548
420
9655675
420
3805630
420
420
7880590
3912520
5688552
420
420
420
420
4763480
9514756
6458808
7361527
3156043
420
6402990
8672759
420
420
420
5598962
420
420
420
420
420
420
420
420
3852463
6366502
420
9895553
1523267
420
420
420
3784006
7605612
420
5626081
6226906
9725068
3826054
8246166
420
5422627
1505876
6991081
9151476
420
420
8927061
6583283
7996543
7933545
7563909
420
5806711
3329847
6942349
5266870
7302466
3495903
7838578
420
2553090
7708957
420
9349998
9311666
5696738
420
9579924
6585427
5440509
4504482
799404
21264
420
420
420
6748336
176288
420
513523
420
217287
3858088
8499524
420
4872908
420
3936528
8872421
1756648
3773670
420
420
420
420
6842322
2045304
4091095
407701
420
550558
2515716
6749748
420
420
9229914
7989024
3915138
7205771
8674925
420
650651
1699206
4187370
2110165
3716315
7796912
420
9226428
9457143
420
7923520
420
8551865
1098344
420
4325896
420
6900649
420
420
4470571
868315
420
2815705
56312
420
3982374
7472284
5418606
420
5549239
7628882
420
1927348
1521147
5956552
8107815
420
420
9649313
699961
420
2448662
7573837
4131790
420
1859191
420
7063055
420
420
7413332
1430080
9355965
1122313
7193782
420
5585488
5225443
420
420
5049410
2893291
420
420
894224
4849237
9083705
420
7260975
3192407
9929399
420
420
283423
2299269
420
420
6090930
4265056
5340253
1875340
9148422
2580564
420
6821730
5271571
1827755
420
9762615
7994131
420
7474643
2406269
420
420
420
4355049
3299422
3200094
5119289
420
420
420
2076097
2845660
2414235
5318171
420
8996039
3204990
420
420
6763807
2476646
420
7597809
7117558
8503718
7886600
4505329
420
420
1680601
3872314
7307737
420
1170983
420
451720
420
1170612
420
420
392244
1482964
420
420
420
420
5084314
420
420
420
420
1059265
1209896
8564485
7310959
420
1005788
9503597
9581563
420
1845921
4903020
420
8053015
420
420
6843706
4777264
420
8225923
3403042
420
212242
7333272
3403814
6496060
420
420
420
8337038
2775526
7208855
420
420
420
5753765
420
9536597
7452657
9106229
420
420
420
4971141
8014897
420
420
420
8634197
420
420
420
7916417
9221773
420
420
420
9375789
2976908
7765695
420
6072500
2575889
8511499
420
6748880
2717484
149253
7534598
420
420
6125904
5402956
4801715
420
9371562
2483033
9273434
420
9939984
4295613
8739273
2181322
420
420
7047520
9715397
3394329
6954919
266213
3074863
4175874
1087725
108677
420
5402393
469287
420
420
7903391
2422036
420
247774
7332999
8176484
420
7386786
420
420
3561525
420
420
420
9598104
420
420
7969963
3854930
420
420
9736893
305879
420
9433549
1027815
4841115
420
420
420
3179143
284686
1087068
3956807
9925207
420
7556435
420
2009219
420
3145212
6417745
420
420
6072748
420
420
3630745
420
9466093
420
5008195
420
420
420
420
420
6647054
420
420
420
6242696
420
420
2220915
928839
4343706
420
4023631
420
4148909
420
6676822
420
2312008
1587833
3627123
420
420
7770135
4882137
981766
8399639
9402845
420
2189978
420
4851262
9379830
420
2272086
420
6689436
8728737
6536039
4882333
8888226
420
420
420
9485893
7853082
420
420
5000564
420
9755756
191876
3778411
368210
1604561
5051338
420
7184211
2731421
420
5890155
9680589
2627238
420
1924302
9667483
420
420
420
9520975
4073148
9315536
420
2502733
420
8106651
420
420
3533556
420
3198403
2676138
7421195
7942810
6929817
3392463
5494374
420
420
508941
4893869
420
457091
420
4305435
420
420
193961
6681990
420
8922432
8992645
1975509
420
5565645
321523
420
420
8617589
6246108
3719816
420
8999678
3389596
420
1688459
7142883
432712
4600498
4125144
9880540
6449436
837041
5605172
420
420
891609
2680088
420
420
420
420
420
420
5183961
420
420
1643062
3928853
420
9161810
420
6965821
420
5503058
3279560
9403723
420
2857479
443104
6176044
4881919
420
9725930
420
420
420
2021361
8444825
2947075
2913529
420
4424354
420
8495765
8706978
4676838
420
420
1217205
420
5736482
420
420
5831843
127327
6608221
3312354
420
5537099
420
7021010
1781164
420
7922892
4634314
420
420
8447554
1173177
1582462
8351935
1008735
1859761
420
4167791
4106246
6432555
4695063
420
7961316
420
420
2498970
5243012
420
420
1117378
3256051
1307517
9621290
6772489
6157174
691782
8667771
9647676
4944789
1317853
4008195
420
4755989
2807675
420
6127014
531801
4486529
331801
8482714
9432362
528089
420
420
9920824
1337674
647353
1376607
2966632
7613076
420
420
2166710
10389
8182423
6741249
8207879
6609301
5698709
2996518
5113982
420
6605183
420
420
420
420
420
420
2438617
4801864
420
5019559
420
420
420
9474177
7632146
420
420
5204008
1510548
420
8474691
420
1694176
420
420
420
7212378
8325886
4634260
1730486
4193997
7420530
420
8875643
3973985
7507220
420
420
2692914
1512614
420
7109647
420
420
5491260
420
420
420
5797082
3539321
420
855220
420
9979501
420
420
9069511
1685189
8452057
420
420
9688750
420
9384685
9935831
7087338
1772528
8446457
9859537
3040185
420
420
4338664
2757093
420
2540370
7175718
1872552
420
2606482
822804
420
4112379
420
420
420
5625183
420
8460286
7441607
420
8447992
5080627
420
8687582
8518668
420
487352
5401886
420
420
420
6692358
5842235
420
3805918
4723487
420
4656495
420
420
9925867
6918617
2430474
2587600
420
8905165
9324654
4620564
4108503
420
420
5729318
8002892
6999719
8921995
2443960
4833613
3485611
1074736
3808196
6934220
3140386
2736558
420
420
8091166
3289030
2702592
9039447
420
6321776
420
420
5465328
2335663
420
420
420
2344980
6020586
420
420
8927837
1938822
935124
420
1612942
9325895
5758453
6968649
420
1116320
984655
420
420
420
8557258
5086258
420
420
420
9740024
2043097
5416047
420
420
3477832
1540121
7582913
3226736
420
5586646
4063225
420
420
420
1489005
9630102
3266127
420
3601805
2945010
8012513
871298
317391
9952344
420
956857
8921002
420
420
420
1615170
795374
6206724
6924790
8167227
8796490
2935335
4934271
1750956
420
1912669
874917
5644654
420
420
9366800
1942016
420
420
5977013
420
6618864
585938
8777450
3223420
420
420
1735569
420
420
2058210
4891375
8066658
420
420
420
420
420
420
420
420
420
2216603
7823298
420
420
420
420
4620218
6886158
5126374
420
1728435
420
6031734
8721402
420
1309663
420
420
6824075
9530849
5335548
420
1330677
420
6507733
686403
420
420
6712227
420
5583963
420
420
420
9678643
1183080
420
6443756
420
2973487
2056921
420
8030449
420
420
3948857
1337560
420
5287662
2510490
420
420
420
3859735
4859766
225217
420
420
1734641
420
4859952
2887273
420
5196994
420
420
420
5188858
420
6107064
210044
7554967
420
3412646
4305345
8761207
420
1826789
4614046
420
420
1223131
420
447828
420
916109
7386056
420
706446
4342896
3516392
420
420
8264876
4247827
8258021
9285908
1896196
420
2628648
420
6565752
420
420
413354
5497238
193334
3029467
5596848
9483949
3590827
3315220
420
420
420
420
420
9474195
1159277
9422400
420
6422489
420
420
8774626
420
769729
420
420
5063849
6523159
5670780
5418263
420
420
3955846
420
420
3130575
6141940
9400070
1411540
7210527
420
8781534
1319817
420
8172530
3225320
9936136
1301787
3415115
3076686
4312207
420
420
7863014
3358991
8643538
542989
420
8808182
420
420
420
663286
2825682
1246419
420
420
4097894
420
4363262
6275908
1512389
7100117
7338587
420
9733430
420
420
1463208
420
5058357
1285202
5886349
420
7991768
420
8988990
2513817
4757384
420
5139112
1785246
420
4715858
5471497
2045961
420
420
420
420
8057890
4200379
6521092
420
4508603
7540424
420
420
9025893
9871971
420
4153236
6213091
420
420
5175285
2636173
5484960
1631266
9277449
420
2021673
420
420
1981649
495894
420
420
7478597
5228099
7971538
1233087
8342839
2179567
1914615
3991768
2628693
420
420
8262188
420
9977650
4247486
420
8238374
420
7698045
420
2819729
420
420
420
5904319
8386052
420
9746867
8844538
420
4297203
420
2421989
3212036
420
420
7639442
9679997
420
420
9726816
420
1747692
133569
420
420
6867681
7908889
420
420
420
1115095
420
420
420
8902467
9780117
9298119
420
420
420
420
420
420
6479381
420
5628031
9781047
8580336
3326060
1840495
2739725
2378742
5092454
420
420
4284461
420
5593809
420
1642955
8645579
420
420
6519830
2143671
2936061
337685
4450251
6679307
420
8492655
1537547
1230452
1020325
420
2491614
420
420
420
3020929
1313312
6440797
420
851953
540224
106865
420
420
420
7441384
420
420
420
420
5671599
7445647
2247433
3029030
4118353
3569427
599263
3976203
1041447
8711912
2679750
4816214
420
420
7802381
420
4808375
3409444
420
5932734
420
1830938
59384
420
604569
6971969
6522261
6136449
420
4376701
420
7875494
4755515
7263486
3189549
420
5676360
5989606
8611713
420
8336820
2300590
420
2304373
420
420
420
420
3307376
9881365
6938204
420
420
420
6212024
420
9281309
4221502
1447391
5386084
420
420
420
4507072
5805401
420
420
2296298
4065676
420
9171110
8661970
420
420
4558749
2944373
5496868
2512091
420
420
5513145
584565
108080
6437852
1190126
420
1311080
9478810
420
1283721
9098556
1577768
1295478
3259777
4099619
420
420
399636
956133
4599597
8688759
420
420
420
4394156
330686
2295456
2009935
420
1732193
420
420
420
420
6134044
420
1600738
420
7854268
4163804
9149740
6428133
420
420
8725117
420
8187858
420
3233642
420
2574035
420
8735647
3663559
5856003
7473946
7656450
3949705
8393528
8981776
1389946
3565235
9631920
4543298
420
420
420
8881347
420
8533576
420
420
1969576
420
6254895
420
9890447
420
6505070
8720421
3661288
420
420
4238164
420
6425266
7628928
420
1488360
7468836
7714609
1175496
420
5491498
7483479
420
420
420
420
420
377967
420
420
4738524
420
6348466
1505942
4765419
420
420
630065
420
1482722
9482173
4402806
8879609
420
420
5251353
420
1120136
3362750
5357791
4433725
420
5861315
2752852
6010583
420
420
420
420
420
420
420
420
492032
420
420
420
420
420
420
420
420
420
8543277
873804
3562996
420
5203909
420
420
420
420
2230312
5443705
3188841
6695526
3969986
3313065
1098206
6467730
9057821
420
2475096
8070556
6624057
420
420
9163894
4553793
2470491
8942524
420
420
9037850
420
7548664
420
3162681
1276520
7808730
7937382
420
420
4009624
420
1103740
456723
420
3471018
5696637
420
9726863
5642494
960543
2452036
6375099
420
3610075
6704202
2023165
420
421041
6684422
4103655
2290646
7455670
420
4273038
2095478
420
5194453
420
420
420
248329
2375630
7787725
420
59319
420
6842464
5592455
4471257
1190261
420
420
8377953
420
420
9584733
9321128
883412
420
420
6436107
5473082
420
5747914
2927111
1169823
2838914
420
420
582070
420
582755
9128004
8379697
1436616
420
4152633
420
6444404
420
9479062
4337053
4825339
795983
420
563604
9436883
9835153
4391540
420
420
420
427438
420
7682598
420
1905294
420
6246857
6590502
420
420
8792880
1462671
6995970
420
420
4583166
420
420
5922094
420
420
3143134
420
420
9704482
2763560
420
9896033
6817951
420
420
420
420
420
420
420
5528345
420
2371942
420
420
420
2019712
420
420
3002552
420
1444483
420
5630062
420
8002516
3649357
420
2636246
420
3698513
3164678
5415662
1881256
294713
691825
7249254
420
420
420
420
833330
9390029
116622
574677
420
4855231
312900
7562658
895632
9029159
2661779
5936761
3263362
2304101
7783391
2713732
5452557
3213237
420
7600012
420
420
2651375
2680899
420
5556510
4941965
6722380
9034157
420
5466003
6229485
420
420
992067
907692
6580456
420
420
420
8611866
420
972758
4240243
2510857
420
4523423
420
9557142
3718651
420
9510289
5965163
420
420
9698411
4363161
1797252
3525045
420
3641970
6603295
475920
5996444
1341759
5661925
420
1325740
420
420
4192290
8910100
5459070
9625789
420
420
3783437
420
1498733
2027537
420
5808126
4395892
8389846
8820562
420
420
1446417
10145
4331858
8090413
7475980
420
420
420
420
8734686
943273
6277792
1075944
8588731
7950986
2419921
4535514
420
9131240
420
420
832111
9703652
420
420
420
2011038
3631987
4010165
4108768
4782079
420
3900357
3051405
7964007
2903940
420
2699215
420
420
6304808
420
420
1667045
420
156032
3145532
503617
420
4807926
7920096
4743888
6053551
420
6952302
420
2809644
4045950
4293466
626177
420
3432867
420
420
420
7627380
420
420
420
9529079
420
3429230
420
5067092
420
420
5324912
420
7403466
5266165
420
5950455
7471871
518757
420
940705
7333837
420
7125694
420
420
420
695633
3135416
8103328
3245729
4359399
915416
420
420
5699927
420
420
420
6958648
420
6456870
6699472
420
1470384
420
420
420
5253020
8240094
2793778
420
420
420
420
4201036
185607
3056310
420
6211372
420
7576
3571266
420
3337479
420
420
420
8498973
420
420
420
9599327
1702307
6349900
9283226
5086321
3898273
420
420
649348
420
8664405
420
6748365
5891319
3048775
420
420
420
420
420
420
7274090
1509723
1076331
2979085
420
420
1542209
7343664
4600356
5854339
5153386
420
1595766
2243997
9722245
7162562
5187682
3968591
2499815
2048778
420
4595194
420
420
420
14409
420
5459735
420
8628143
420
420
7235716
559916
5666106
420
2471986
1944481
6588455
420
9502789
420
5146981
75602
105580
5211474
420
7282051
420
1768367
420
4920490
6575349
420
2105702
420
1749085
9669445
420
7956512
420
420
420
420
420
1224989
7435979
2023119
217429
1460447
420
420
8300129
420
420
8693111
1198098
420
420
7830815
2243828
8515444
8212401
420
4733787
9157041
420
4384217
7492605
420
322258
2633099
8556871
7492505
420
420
420
6158576
420
420
420
420
8038049
7838450
8009434
2688169
5988478
7026899
420
420
6420352
420
420
420
2169255
420
6207263
420
420
8327765
420
3163532
370023
420
420
5936400
9253074
420
7918171
420
1303513
3595932
976114
3401971
1361556
420
6134841
591638
420
420
3653055
420
3294820
9167272
5970129
9378699
420
420
9677375
7966696
8809902
420
420
9296745
5076497
420
420
420
420
420
1184269
420
1075133
8361401
420
8057949
420
1582886
662685
420
420
420
8379698
420
2085218
420
5525219
420
420
420
1855679
420
420
420
8534988
4301287
101102
420
420
6759976
420
4377168
1131696
420
420
9566308
420
4184190
3118082
9343554
1187456
420
5147677
2143090
420
5877487
420
420
420
420
420
420
7852268
420
420
420
420
2111515
420
420
420
420
7304612
1671018
420
420
420
58051
6556949
7379790
420
420
506194
420
3807441
6562456
3863804
904781
6479593
420
2246057
420
420
6147972
420
3067396
1844239
420
420
5483773
420
420
1757983
3105472
420
420
3540746
420
420
420
420
9568737
7255282
6895587
420
420
4256382
1105110
420
9101669
5550204
9004497
9953198
2432085
6322179
5555934
5118263
420
1253556
420
707351
420
420
3007941
9927938
9988045
420
46373
420
420
5222786
420
420
2345726
1618165
420
1015516
420
420
9021707
88111
420
1840527
420
420
7234372
1696260
9241860
420
420
420
420
991681
420
420
420
594741
5593727
992400
6545449
8321041
7466160
3942079
6021595
420
8127783
3207204
8822638
4230021
2666117
8034855
6653747
6435265
1707189
420
977204
5781782
420
420
1702573
420
7717639
420
6155564
420
4922695
1668614
3773737
1115341
420
2971786
7142274
2237453
420
7222976
420
420
2965717
420
1598896
4622711
6312594
420
877420
7700995
420
7448529
2636139
420
3396106
420
420
8591357
420
9278011
420
4798662
420
420
2658453
6877744
6124775
1469579
706235
6625440
8045943
420
2974560
420
420
420
1286039
712430
420
584862
420
420
420
420
420
420
420
420
4853010
1369998
2366040
420
6752977
4935434
423425
420
4516807
6431213
4147620
2280758
420
7093559
420
420
6132287
1639304
9109590
420
420
420
1108939
5449401
5317931
2022250
420
420
5064201
8580424
8231193
5567153
7654589
7113453
420
9521169
420
4458533
420
1978227
420
920478
420
420
420
420
6102800
420
5410155
420
1998646
420
1083608
420
420
4392541
3817936
819016
6698638
420
420
420
420
420
420
5860556
8496090
420
420
420
7700723
420
9210574
420
9245445
5807935
420
420
9137432
9560713
420
420
8575105
9759993
420
420
151517
8537158
5837497
2536303
420
3921691
8225253
1706253
420
420
7404817
3478198
4072456
420
7587251
9888908
420
420
2712074
9354086
420
2366734
1435371
420
420
3944636
7800539
9974075
420
420
420
2823325
420
8241389
1989530
9098587
420
420
420
1842655
420
355303
3068766
420
420
420
1709523
420
420
4911815
420
6815749
420
420
420
9892786
1015842
1365275
420
420
420
2333618
9062934
7731103
420
420
6053804
5320716
7303361
420
420
420
420
7450862
420
420
9062741
3324904
420
5262871
1641363
2535439
9635681
420
420
6509494
1130549
420
3266920
420
4975258
420
5568157
8147984
1560547
8785391
420
4103797
8314699
420
2145442
5209855
2191883
9662706
420
9712211
420
5968819
420
5410411
420
4571232
420
420
873031
420
420
4626136
420
420
420
7861588
420
420
7378492
6885967
420
420
420
769550
420
420
6556738
420
6695601
420
8785161
5254663
1782408
420
420
420
3115911
29360
420
9238919
8537148
5674272
7398000
8429768
420
5921260
9649382
614932
6153888
8911492
420
355802
2528904
6640562
5103193
420
6563931
5497024
420
7140275
420
420
260911
2649022
5274381
9100212
2573396
8216831
420
5806413
420
420
420
1239922
49558
6813419
420
8873340
1622286
1148272
4691961
420
1027867
7190177
573561
7801588
4768297
420
6383590
420
8402607
9987686
4711664
1631222
420
420
6984342
7283090
420
8384928
8650037
420
7335467
6456499
420
8435762
4003224
420
1330973
822867
420
6597915
420
2130358
4892940
3492624
420
8668780
8971155
420
4549885
5075454
420
6273411
420
4866386
420
420
7352477
9090398
420
420
420
8631258
9306719
420
7225305
420
2904975
8735757
4658025
3204272
3036324
4403154
7750763
8427313
7734172
420
5111702
8634433
3292505
420
7540058
8506498
420
3721004
420
3563875
420
420
4453417
5067972
9511802
420
6164544
420
420
1152070
7399003
420
420
420
420
553153
420
8254313
420
420
8141761
6798425
5109829
5412662
420
420
6047987
420
2157910
420
2592680
9404501
3260249
420
420
5331285
499768
7403828
420
2183513
420
9866270
8063192
5956722
420
420
8676371
420
1824151
9704671
3208475
5144074
6194141
3407984
420
8507337
420
420
8052008
420
420
6573311
5083046
720556
2143571
4499845
420
420
420
7608083
6384674
1667698
420
420
2849331
2482446
9303868
7854050
420
420
854711
7612459
3995424
7470962
3474279
420
420
1263622
9170119
420
420
7439080
420
9403252
420
982835
7343666
420
420
3383986
7473135
5385686
570289
3481843
4530611
420
9193986
7718577
6045729
420
6429345
1181063
678309
2551209
3628194
6072333
1408427
420
420
420
1006901
420
420
8408812
6953931
1559625
420
420
420
7919954
420
6209645
1852279
420
563270
9969692
420
4140911
4361545
9397410
420
3904493
420
420
9215870
420
420
2499379
6551162
420
420
420
420
7379553
420
8967742
181405
420
420
3564123
9026289
420
420
1061214
487321
4547749
3180742
784851
420
8868351
9421541
4821349
5390242
1137313
9666887
420
420
9625556
2269866
420
420
10882
7626205
5943606
420
4253708
9558846
9002281
420
4445596
1971314
420
420
2739849
420
420
420
9163403
5502789
3671188
5625378
8408704
1242172
7569891
420
420
420
2217160
420
1264455
1699237
8382814
420
4611949
420
4365097
420
1661994
420
8150279
420
3729548
3533642
420
7377712
1734998
6084730
420
4439195
8612280
420
8221821
5429076
9589683
8003197
3829802
6068906
2195997
420
420
420
9289729
6082080
420
420
420
593882
977905
420
9574202
420
8831769
2592975
9826469
420
420
3184835
420
3333699
420
420
420
698894
6068856
420
420
3027137
420
419409
420
420
420
420
420
420
1246678
608783
8745090
7706917
2867971
4685163
420
8700804
420
420
420
9810540
420
1514500
2150788
1268679
420
420
420
200135
420
7189467
420
420
420
506790
4621327
6743532
2286425
420
420
7269877
420
420
420
420
420
420
4568969
1444230
9300020
420
2701053
4071804
6767222
420
3563090
9982675
4905371
4346142
1807753
6926523
420
239552
420
632964
2745930
4191350
2936026
420
420
420
5630687
7621777
420
420
420
485377
4226655
7333956
420
2141486
420
420
7511728
9012371
420
420
7733157
5123258
3696616
9810907
7982538
6934647
4655360
420
420
420
3062041
8580962
420
420
420
420
420
8995964
1882347
420
3888411
4540445
409850
420
420
420
420
4075133
4957015
420
6316191
3019224
420
420
3502526
531039
8002869
420
6291860
7566817
7502918
420
8449743
7263430
420
7193453
4630928
420
420
7105050
7542908
3527162
420
3991427
9382205
1076473
5797281
420
3088450
4795758
6803362
8886069
2341840
7563143
4310687
420
615834
420
420
420
2757501
723966
420
3646221
420
8526701
3729474
6562602
1600550
420
6175699
914625
420
420
7540730
6169027
5570694
420
9634137
2197111
7716576
298866
9080704
420
420
420
2055529
6451247
420
420
420
3779693
420
6547451
8497009
420
8511706
6160121
420
1942153
1895621
420
3365368
4383564
854361
1023859
7608282
2486294
420
420
741854
420
420
3382659
188271
420
420
7897834
420
420
9094798
1118112
420
420
1974819
8590668
1845489
3794259
9101147
3206012
9944971
6500988
4754466
7058871
5794698
8879101
420
9251370
420
2865972
2471577
420
420
4124297
420
14659
6464773
749168
3404642
2079293
3507592
420
4138593
420
3626303
1044073
420
8448797
420
9401418
420
420
7581752
5975680
283665
420
6555003
420
420
420
7100791
8971651
420
420
6639752
2525050
420
420
5055017
2679629
1664529
2853425
4974192
420
3999255
420
420
4584838
9129258
420
9485031
264864
6444633
6109366
420
420
420
3416076
7935588
420
9335501
420
5689198
420
6211635
420
9791392
5517374
6377013
600707
8020654
420
2339190
420
4347646
7839022
420
1851704
9356520
5238360
420
7755836
2418173
420
9602087
420
420
7722912
4283717
5829895
420
420
420
5974239
420
5057622
420
9349051
7103476
420
7913053
420
420
420
420
6643680
420
8551458
420
2066502
420
6282577
7247722
420
420
6462170
420
5220325
420
7576279
6690093
420
420
1918407
420
420
7322247
1495627
2190966
8484705
7301919
3262075
420
1067080
420
3623625
7706528
100655
420
4089674
420
1694481
420
3804401
420
7157177
439384
1167924
420
420
990260
420
420
420
4663022
420
2668929
6731762
6565755
3083951
420
420
420
9851714
420
420
420
7111862
420
3965548
420
420
7766612
420
6389569
420
420
4245082
8905722
420
2176578
9316591
3819205
6804252
420
5311358
420
540257
7366140
420
921270
1196604
420
420
6259911
420
4995791
6726612
9939072
2773947
420
420
420
5141486
248434
790675
3123248
420
420
2372742
6335345
420
420
420
2613013
420
420
545497
9257788
7916450
420
8267228
3040886
420
420
420
420
420
420
2373182
9145806
3371767
9394117
3406065
5110796
420
420
1554216
813935
420
3822687
2539013
6827515
8841148
4255789
420
1560049
7532612
7324827
420
3311139
8991019
420
4873397
420
7504167
4127850
8958413
7941874
812720
3003149
420
8904702
7781712
9426613
2687272
7958120
3538884
420
420
420
9969672
420
420
9711550
420
9452770
2882048
3418677
3162290
420
3891864
9899409
420
420
1368602
4737370
6125776
420
420
7093509
420
420
420
5368186
7387626
420
420
5758924
2432834
420
4450369
6742341
420
420
420
420
420
9877530
420
420
7687586
420
6895670
9609801
5331394
360864
4153751
420
9452344
420
4586018
420
420
420
7214919
2228153
6179538
5958010
5745969
420
420
420
9559709
4829000
9448670
1761178
3242590
420
2563355
1654152
420
6159086
420
7238599
6157299
420
420
6081264
420
452687
5244245
420
420
9311582
3368099
3264567
8022816
9155732
425456
9703218
6597824
6771706
8741587
5132495
420
9089365
420
2915992
4562011
931066
6392119
291866
420
2002605
420
4386671
5115738
5617485
6981933
420
420
6027220
420
8321624
1281922
9423201
9567915
420
8275306
420
5110501
420
420
4246425
420
420
6686483
1892448
420
1810052
842548
420
4451101
5544289
420
5900699
5750893
6032209
2803480
420
1035461
2448165
4298513
2654880
5770003
420
7185585
420
3865221
3836176
5398448
420
420
420
3721020
4359072
4473163
1106471
420
420
9786916
420
420
420
784035
420
3138233
420
420
7033131
5625542
2365982
420
420
420
420
8945491
420
3977635
420
420
7023772
1746154
6031914
420
5639748
8362013
2557631
2212648
4382738
420
420
420
2084533
2765424
6834284
6691401
8108295
1995600
9728594
6695290
420
420
9035304
420
6850070
294068
420
420
420
420
91248
4236560
420
3786208
4179919
420
420
420
6449191
6466018
3636151
9482599
420
1728170
1532013
8192442
4579264
8931884
7948488
420
4066063
420
420
9754884
420
3970358
420
6982849
420
7923523
420
7336474
420
939302
420
8009248
2560976
3162538
6466769
5503005
6126799
420
7993075
420
423177
420
4659474
916235
9461453
9508793
9242134
5602545
4949812
420
420
131330
420
420
3143392
8191362
420
2246367
8491909
6819711
6795044
224821
3480273
495021
420
420
1095040
8348427
6575143
3139403
6473957
420
7088772
420
4449940
420
420
5244100
2397783
4050719
422044
8482814
420
420
6640291
3984837
420
2957702
4421129
2413106
491704
420
9342742
8950815
420
3144540
420
420
5317607
420
420
117274
420
3116025
420
8433139
420
3897643
420
420
5503777
420
420
9233416
420
1630926
420
3753113
420
1890482
727184
8349833
7322108
5837534
420
420
420
6651711
420
420
420
420
420
420
420
420
3491239
420
420
420
8841824
420
8596311
5498427
420
420
420
420
6966412
182332
420
5132123
2253907
420
9442687
2419762
7189674
3377363
6310870
420
8711482
420
420
420
7620092
420
420
420
7104424
420
7748070
2121479
420
420
2558295
5391117
420
420
6200471
9793819
9745844
420
4752155
2809671
3310885
8708232
4035037
420
420
420
420
8928203
7613029
420
420
9473992
1326181
8616430
420
1596532
4276435
7541241
420
1239669
6757360
6019382
420
3571485
9884824
420
1258639
420
980971
6040431
420
420
9629683
2341448
420
3879850
8062877
420
420
6634820
689785
3180710
7785551
4131422
9987297
2925551
9545995
1908773
5449109
420
7111127
5152063
420
9946283
420
9397918
6035556
420
9842006
6383839
6502821
1434727
420
322985
420
9311130
2591218
4032365
9872937
889116
8370470
420
6901478
420
7924894
5947760
7322587
420
420
6180133
420
3063589
1378973
5465346
1728807
3548692
7240923
3824425
474053
7887728
420
7871347
420
4524186
3160324
1088100
3595359
9056047
420
2366299
1135401
420
420
8494777
784629
420
4906648
420
4574030
420
9081843
420
6104830
420
2895887
1345151
8476338
420
8052108
420
2452513
9170387
420
4666243
7645373
5141271
420
420
2015345
658844
420
162072
420
6929387
6795311
7739900
4495990
834174
5726060
233103
6708250
6027866
420
420
420
6220441
4839756
291172
7530215
420
9365950
7931410
7464269
5473017
420
420
420
3777790
9219351
2302226
8402975
5052118
420
3000331
833298
2078078
6234667
1278683
420
2060666
8410737
4698163
420
851011
7558987
420
1359995
420
2257739
6792239
454982
420
7098784
420
2618913
420
6688311
8218471
9416552
420
3557090
3255514
6665505
3074283
8616861
870722
1123067
420
420
6691548
420
6891992
3859760
420
7760994
420
420
7751727
431157
420
85965
2602352
6224811
1559080
420
7474878
420
876768
6009891
420
420
4080205
4014001
9167438
420
420
420
6601121
420
9782438
4926143
6821011
420
420
4913355
9975794
420
420
7247856
8529777
420
420
420
1276819
420
7400979
420
420
420
9364324
420
420
9547182
420
420
420
1303485
420
246363
6058217
6827932
8818356
2343757
7096313
420
9511097
1336774
920848
3987190
3578423
9149251
5330413
1114641
9708194
5336834
420
5942030
3653666
420
8152119
4629996
2826599
420
8670880
1114476
9676036
977162
420
3563022
8492898
420
1510104
8784219
420
408351
420
3077725
420
420
420
4111481
7777669
5405633
2501899
420
420
7828347
5049941
1723027
5719226
9349494
251585
420
420
9082213
1092483
2014038
420
4491793
420
3995636
4750150
6962853
4650415
7302002
420
9887676
9997715
420
3469293
9293134
1000980
420
9569872
420
420
3711301
420
420
9389721
420
420
420
4524865
420
468090
9442319
163112
9132102
420
6222013
420
4888894
3081283
420
5212662
420
5314996
420
6525257
3004978
420
420
420
2546897
420
420
420
420
5374914
4184970
1099279
8342157
1144625
4412825
9157618
1849568
420
5341186
420
420
2175925
3325534
8299868
4928723
420
7657960
2636080
420
420
6579387
420
420
737104
7643506
8917102
7897220
420
9539390
7195347
312202
926447
420
420
5217748
657984
420
420
420
420
5281018
7233925
8250669
420
9201064
2359220
1284624
7276429
3587777
5225910
420
420
2461884
8069409
6149889
5125311
1241186
2456990
4947610
29294
420
420
420
8175536
7270785
420
8020149
1282128
9247326
420
8923840
2428785
420
1833687
5909455
420
6698703
1305227
5255314
6794204
818064
420
6624420
7852101
2040247
7559759
2069023
7503622
1963550
420
420
1999018
420
420
420
420
4584041
8704809
3955121
420
5965389
213464
4607362
420
6197285
7432888
7988043
420
420
420
671697
5827636
5322413
5799023
3122229
420
6295024
420
420
7516859
6321600
4380771
420
420
5547451
244924
6578363
6008109
22580
8537698
420
1908075
3185726
420
420
420
5215791
420
420
7856738
420
420
2048977
420
2603306
420
2543613
420
8272422
420
9663850
420
8765778
420
1900345
8849437
7902567
6335370
6436431
5373263
420
5388759
420
420
435128
9907958
221669
6070410
4013904
420
420
8865754
8473482
2316772
5868813
420
3055423
9689923
7882231
420
1249876
139314
420
420
420
420
7278436
4048597
420
420
2974386
2479671
5989960
9819724
5510859
2657171
420
8546349
420
8605308
420
314381
7961942
7592456
420
611740
420
420
4874328
9123783
420
5493961
420
2373989
2548294
4998795
3959912
2688017
6238475
420
420
7592359
420
420
1858061
3962719
8609182
3925166
420
420
420
8128411
2440706
9135144
8581654
420
1383737
420
420
420
420
9732294
700748
3156227
420
420
4390734
420
420
9907318
5121496
8605939
3298223
9733597
420
3581172
420
420
7288417
420
420
420
420
420
2374417
6995691
420
5351219
420
420
3182092
420
420
2375297
3750201
420
420
5331096
7678081
469304
9612137
3191067
7831728
9646200
8605571
7375872
8480871
3172907
420
420
1190225
420
1666971
420
643077
4070616
6205734
9990642
3542402
8284117
4933686
420
420
420
420
4226257
3253622
5311840
371836
420
2116886
3655061
420
420
3295764
2784829
7525058
8789621
420
3512342
420
742242
2578949
5988957
2828130
9142805
420
3255413
6580424
420
420
420
1265417
420
693335
7220673
2045605
3865521
420
6746152
1068149
5845878
5126749
420
420
420
2748714
9488926
9573780
420
9632585
420
5141626
8377737
1354874
2796800
358330
8967720
3793736
420
420
308559
420
420
420
486456
420
1523812
6863540
5369256
420
8437518
2681154
420
6744833
3930573
429785
5406176
9175585
420
2432430
3012478
420
5550302
420
7047207
7555453
803065
420
7882029
420
4650688
5486093
1211461
821854
2673956
8198905
2043673
1626723
420
420
420
4135279
420
420
3849423
4970137
653729
420
4671007
420
7027387
8040138
6492395
420
1305128
7545233
420
5944402
420
6807535
420
420
6475435
2432102
420
420
3965069
3802289
4628294
420
1237929
323402
420
6070052
420
3598644
420
6088548
3939128
420
420
420
3243341
5071461
5409722
9026909
3199183
810989
259016
8332177
675634
5437970
420
420
3846691
8895646
5527464
420
420
420
286896
2942238
977954
420
1725562
420
7505097
420
420
8789369
8194491
1694622
3994339
3670150
434616
420
420
5955895
5362929
420
420
490631
9668719
6410096
5201753
1327516
3314866
8329642
8089691
9496898
2249753
7790668
7885033
420
420
8894571
420
2053014
7319391
420
100593
8955536
420
420
7199782
1153015
4531297
783420
6167412
420
420
420
3720127
7101396
420
4914104
9690333
420
2070293
3203048
420
5820170
420
159175
6124483
2519285
4282107
1184184
4997239
3614393
4654801
992930
6881740
6176511
1440140
420
3585028
420
1244853
3979906
420
420
657296
5679288
420
420
4609158
5860580
420
420
420
8741239
420
420
420
420
4393037
5858090
9829448
1681951
9523228
2882641
2476755
420
420
3668974
9573424
420
420
2812326
433854
4206220
420
4552825
3368271
420
420
4080754
420
8991202
7900656
4188211
978464
5550683
420
420
4233116
8409812
9055925
7707541
420
420
2712283
5523633
420
83320
420
420
4643447
420
420
1047993
9600094
2062669
619338
420
420
2862504
420
420
420
3032463
420
7892386
5711889
420
420
420
420
420
5744697
2748044
7414321
5478977
420
6441435
5296010
6039684
420
780846
7224885
4444183
420
420
420
3181048
2827058
420
420
8510680
8520314
5939923
876006
2179299
420
9729238
3163706
6782947
4733467
4178413
741600
8063924
420
420
9004266
6531556
8979805
698598
4736641
420
2553211
9720655
3292413
9844702
4568580
420
5449572
230034
6197516
6366486
2552840
420
420
420
6118115
6149469
2121746
5332391
4110174
9254653
420
420
420
9125070
420
420
53095
7582461
3514008
8656065
9715280
420
4038264
4233145
420
5468299
2693707
420
2141705
420
3987778
420
8429234
420
420
420
989393
420
420
420
5534554
6877689
138226
8592938
5049799
9228892
420
1057576
3309731
420
420
3707178
1864095
420
9589260
420
3586380
420
420
420
7482955
8014055
2363517
420
420
9748622
420
420
420
420
9200888
5254935
420
3200870
8989306
4574019
5483342
3866222
2565584
5639720
9117135
8816119
420
420
420
9778
2478971
420
420
4080751
1534183
420
7922004
420
420
2919841
420
9161411
420
6429786
7524123
420
5864737
9084320
6408333
420
1882374
5139584
6365855
3752597
420
2513612
420
420
2312746
420
2180311
420
4359280
420
520910
420
9974199
5662276
3923355
8351180
420
420
3049997
3048981
420
1380349
4224423
420
420
420
2049707
3436116
420
2531644
420
420
733340
420
9460523
8177476
420
1666752
4230678
420
6075726
1745299
3721339
420
1295721
6772868
672441
1650619
420
420
6086431
420
2827880
420
4946212
5482558
8472599
3568451
420
6345575
5898138
420
9500587
6785035
420
5722
420
940763
6875842
6883538
420
5171320
420
2292647
255585
420
420
420
3142981
9495301
977341
3415190
8128321
8316203
420
8799903
1995340
1452262
420
3949519
197067
420
420
9561226
9270833
2896020
5649209
420
420
4318040
9502102
4170824
3133040
5785976
420
6587874
461611
420
420
5610678
408680
2361642
9995682
420
3648752
8366515
3078265
420
5124749
2499988
3058487
5644955
6160654
420
420
420
4075896
420
420
7163555
2154223
3395907
8552193
420
3279590
420
420
4872995
420
2472397
9613077
420
9662591
420
420
420
4158108
2922933
7544361
2457095
2157595
4279532
6111078
420
420
5680676
420
6678683
7083346
420
8832308
420
5958667
2413563
420
420
6240721
9490715
420
420
3723051
420
882209
420
420
7750827
1434746
5618086
7529013
420
420
9449940
420
7600062
5486290
3919237
420
3748180
8821137
2412712
420
9750026
2940978
420
5192271
5718340
1354859
420
420
1448046
2249577
420
4923091
420
1355737
420
9171034
9119074
420
5542245
420
7989441
5883030
420
5351804
420
9524146
1314629
5559957
6964818
420
7216027
3181955
419353
2756250
420
5011334
3468659
420
7028216
8168194
9526007
1944179
155045
420
420
420
420
420
420
9311739
7439567
473350
123213
7522659
420
6232743
2464923
6967682
2125089
420
420
420
4375666
3352322
420
5024659
6110704
8823116
7838082
7500961
420
9311787
7765646
2936547
7884813
2795474
829637
4626500
5249
420
420
2804907
6170608
85825
420
8411163
1964090
420
3321767
420
6471441
3135586
9401920
1862079
5298705
420
420
420
420
420
9672830
4747932
420
420
420
7479127
420
665232
9996004
420
4224568
1048242
1033242
9333142
6778195
8824052
1288998
420
7815838
420
844311
6101802
1379452
420
420
5339264
420
9742037
4003828
1115071
8891879
420
420
9013159
4100827
6147119
2744611
420
420
420
6953338
3160604
420
420
4343140
420
420
582205
6697800
2241192
7690150
3171085
420
1566248
1237975
420
420
6062882
7576076
2733733
2435233
5218070
6968639
304626
2173407
420
420
420
420
7934547
8258296
420
5573345
1468303
6683488
420
8214498
420
420
420
420
420
1644616
1056695
420
2608
420
1900598
8665936
4442158
1634101
4074048
5871175
1246085
4351569
420
420
233424
420
8069727
420
6844736
4875637
6305391
420
9476036
1315471
4996834
420
9929752
420
3729772
2460247
420
420
9974205
420
5704855
1306965
420
4168374
6217814
3299047
6166514
420
420
9054085
6230383
1938514
6118535
4299984
290584
420
420
420
2066601
5204257
9633984
5173512
1167319
5385130
7890047
8535933
5495856
1969093
5103474
420
8140932
420
7163363
420
420
8292065
1923525
5874675
420
4795061
420
31582
420
420
970307
1041886
420
420
420
1213925
2174860
420
4097077
6443726
420
420
3057221
3887755
8542990
7536057
4359548
5061359
420
1322683
4640132
8850524
420
420
9912838
4854200
420
873392
7089630
420
7305835
420
420
8205588
8144789
5396680
420
420
420
4902243
420
7055701
8579026
3763359
420
4545946
420
7285833
741268
1195430
2945247
8984878
420
420
776604
2538855
420
6487986
2288477
114941
420
420
8749020
1667258
6197688
6624518
6299955
9318569
420
418762
8211407
2420530
8837032
9998716
1617215
420
4459846
1319095
420
420
420
420
350291
8894091
1237915
4261474
699501
420
9648781
6267394
420
8516813
420
9228140
420
9503426
420
1140910
9169774
420
9104964
6786023
9592644
5339925
7248537
800459
420
3303648
420
420
8386521
420
8718949
1651487
420
738929
8525702
420
417617
420
3196259
7633476
420
6327102
420
2170598
6206498
420
3023899
3741625
420
420
3919287
420
479642
420
9848408
420
6210020
159268
420
9926461
420
4610055
421288
420
2947685
3782239
420
9483038
1188138
1849201
2750863
420
2139119
420
420
8995170
9781367
420
2180099
8536502
420
4132214
420
2754729
62263
420
420
420
2368772
3228652
420
420
6701434
5184419
420
420
420
7608257
9595533
6268113
3279213
420
3796964
4306357
2433112
5931187
7630565
6369435
420
420
420
2013299
420
420
7740748
680546
420
420
2477382
1335037
420
420
420
8394351
3939184
2431653
1789066
4230888
420
420
420
420
1924186
420
420
6584711
420
420
8331074
421092
420
3137278
420
420
3149322
420
420
8343387
5231204
6498
420
420
420
4278304
420
420
6895198
9704733
420
420
3350336
1109674
420
6304184
9229984
580914
420
4627698
6139265
420
7140004
1834645
8014696
420
6241639
420
3436937
7224420
8440619
420
9271430
420
2960404
7639667
420
420
4774277
8763440
420
420
5425017
9786807
420
734822
3859727
3764868
420
420
2617950
420
9893035
7910896
4065824
420
420
420
1558383
420
9373100
420
420
9599351
9072212
6846047
420
8316157
1974409
7258435
6404753
8359528
420
420
4223365
420
505945
420
1766543
420
420
420
420
5036533
4545995
4595207
4960400
5525703
420
420
2609449
876508
420
9539137
7870866
754187
2354234
420
420
8529459
420
4744849
420
1780331
845617
132159
420
420
420
420
3062057
420
4818371
420
420
9020159
3831573
2960839
3501596
8434659
696873
420
420
520617
5762959
7870796
7871187
420
9941907
420
420
420
2609929
420
2036239
1785816
4902318
420
4653736
420
5674662
420
8191317
2101574
420
2076458
2861145
77976
9133170
420
420
3028394
8668451
9363249
420
7235999
420
2803078
420
5700909
38592
3287275
9773309
4458439
420
7216676
420
9085570
6111675
420
2181017
6910400
7840991
6561824
420
420
8521867
354611
420
9696544
420
420
420
420
420
6687360
5271311
420
420
420
1840919
2280940
2850211
6963881
420
1922222
420
3249699
6204697
420
3398760
420
2356248
420
3162884
7846616
420
420
5664756
2881006
6042355
1146061
8826692
420
7214781
420
420
420
9311204
2218742
420
2362602
1392159
8079651
6036734
420
6422868
420
420
4223288
420
7874777
420
3459041
420
556814
420
420
7050082
420
8258781
420
9128920
6979349
3545386
420
420
420
420
5007729
6369179
8854424
8565800
102378
8243887
2701717
2290481
1828246
420
420
420
7878179
8121064
981668
8934705
420
420
420
420
420
420
2609105
420
3505214
2790615
1916702
420
420
8192334
5354594
4873593
5832881
7359924
8723830
420
420
9424469
7595406
117535
4288371
6592295
420
420
420
329316
2793079
420
3261131
2395917
420
1476750
420
420
1454440
5344870
1400521
6172159
2485460
420
7113459
4185394
5935611
6044103
7654953
2392873
2045974
8906622
420
45458
8935636
420
420
3609819
4686641
420
420
420
8730153
9617330
2663926
7052657
154994
420
420
6543560
420
6163578
420
2479777
420
3025573
5309183
3878995
6906275
2046116
6393524
420
420
8198900
7327291
9913063
420
420
6137512
420
420
420
8787801
4609714
162517
5410325
420
2585417
389207
420
9379160
420
420
263280
1765373
3815545
420
1375878
1827184
420
1452731
420
5203575
4092684
1026269
420
420
7997205
908533
420
5892774
585274
3046199
2468196
3612916
5641489
6914384
2092258
6588686
4590505
420
5633036
420
6424848
420
420
420
8767766
3783337
420
5181508
420
9826444
4481782
4710731
4877478
1064661
1250072
1460722
3996586
420
420
2299107
603130
420
420
3682832
1162467
6870590
9937005
420
420
7849538
112490
420
420
420
7446991
5015596
420
3435749
9032228
420
2015352
420
4219280
420
2041743
4921205
4043536
3731036
3927363
420
420
420
4711410
420
420
420
420
420
5061288
719429
420
420
1084428
3765210
4755601
1311077
420
7399948
8766495
7215917
420
420
945721
5018242
420
420
8514258