5429274
3576162
4759152
3217949
8423319
1336040
5374950
4691957
2050250
9581915
3709206
1219128
5978175
3772471
5566057
9882988
4736590
2183874
4190205
5486016
5932659
7896605
3809708
5761908
8423563
9039071
4908267
2332033
3684082
9435907
6926179
3154648
1413322
1870309
5826308
3482362
7278462
8243957
9926375
136800
6259783
8948468
654785
9897872
5160812
8007077
2596399
6061344
7654283
3715223
4360475
1181633
8934743
520539
8868722
2927056
9866702
1584348
4711778
8293740
2075710
2437970
2347211
2924128
1584260
8024479
5253617
1396604
3026523
8104529
6116427
3889777
3825664
3703815
3272487
3136031
5709734
7350020
4865855
846719
1961854
8185023
2421690
9032102
9302687
5514011
1595803
5050565
4391494
5905196
2486564
3185474
7403477
7101575
6301761
8638370
2426567
2627434
3902192
7417969
7586086
3968898
5138952
8043982
9759372
8025094
9257850
9684347
4519827
6416567
9964786
3793043
9794838
6831325
4157132
1266069
5494931
6129242
2659492
1815269
8776304
1247033
8658755
4059503
6294856
808403
7442549
6269562
1628842
5583966
6678631
8268486
2081420
552003
4985660
2963224
8885145
1035349
6070202
4312362
1583627
3197729
5017827
3995450
5214651
3272395
6263101
9875530
2774085
1636043
1301780
4883978
8718931
7146887
9384975
9331284
6214111
760399
7327096
4793267
5516206
7523266
7913743
9109033
9519773
1384016
5319101
8954333
5997379
9841207
4295507
1596534
6165385
7812874
5548706
9638101
3480688
9790306
3824306
783403
4394955
5940755
9900098
3019721
1143408
734730
2592443
8234634
5274219
5652814
291911
3767718
8774742
4993088
8943105
2527168
1111924
3447696
6855599
8278342
9052518
4230831
7707049
1666382
9530985
5821411
3900368
1405201
7012917
1709807
2058100
9374683
7882972
4121899
1891170
7182043
2738357
686989
1616161
2754500
7702583
9436277
398499
7801686
532565
1860937
6431529
9769435
9354699
7609200
6982925
7000727
617986
7011215
1749174
9393886
5694799
8937567
2305115
5710682
3936988
2241134
9075699
3431765
6938709
5108526
4552790
4537268
4630309
2767431
3951764
168693
865450
6538829
6066596
8530029
6212197
7375886
3516657
7371907
9658443
2139854
114636
9136981
8338946
8193718
8510863
4770730
5112064
6259784
1002758
9947354
6770121
5092564
8198773
2622023
6065517
858084
2738195
5773489
9497644
2907322
6376836
8806896
1419842
6272379
5503526
3871340
8373130
1136006
4343519
1705627
2576625
2625085
2378143
8431142
7316003
6913237
4270892
5000024
7563457
542858
3014745
4509946
9335083
1616334
9626847
5108937
219141
440383
7321022
588431
3579152
7456352
2331387
5305221
5170551
17204
7291238
4847834
6940996
445554
5029065
1585314
5734724
8399187
4625929
17239
5963524
3780026
7654894
4790891
7556546
7054562
7109079
3597708
2255445
3380990
248497
1184698
3695066
2521668
1395705
9079697
1661719
490686
4436379
3443319
6361467
4769226
4171985
1673849
4201362
811741
6502353
4231806
5721647
5407977
6075443
493427
99548
3889753
8681792
7514644
5279966
7186897
820764
5743593
4635236
3027634
8242403
8090409
6141313
6952459
6599160
9000188
3341036
5539995
8135746
5450169
1757509
4090680
9173982
7820436
6015456
4657850
4069154
8243317
9771132
6012887
9295050
501118
7372811
2187279
5532262
5612768
4047662
8449694
9227061
5197160
8264731
8233560
5874591
917020
3253107
8978620
4137743
5486968
5929651
9210661
9454740
7571332
5199316
274829
9051661
9325977
1666900
6646920
227664
8203290
7271820
9367094
592082
9258190
5732312
8433236
1607958
172439
9023479
7557045
7478487
2149428
2422574
3967248
7852369
157370
4184278
1943128
1839339
6832035
4578935
7691620
853278
8172378
6214719
2543853
9663433
4281821
5919350
3194064
7065969
7076769
1052500
9533600
8908749
1126111
2742540
9953415
3012419
5369196
7202678
1905953
3685579
7234952
3651274
570242
8608782
3696547
2010032
8146583
6156919
7453401
4935777
6357934
1774524
3454113
1870033
5738744
1173075
3056696
7197454
6116574
5399436
9331368
788021
1630499
3683007
8627131
5440212
4358527
1185939
6325867
774592
6002194
984922
9153614
2075261
1732515
8453412
6402268
242536
4705521
6143181
665717
7075028
6403066
3283865
186662
277004
9361430
1724478
7635237
5953809
3865327
9880405
9637473
1750006
3019137
4920181
7968453
9212389
837348
3362852
4775937
90972
9278052
833334
4197846
1596518
9896663
9046204
8547406
3571983
6443026
7794960
4937438
7616357
1774716
1521962
9844638
6651193
8209429
9837212
451284
2294341
3454867
8250559
7615246
3264756
8587772
4021136
1232358
1551920
1170650
1298492
5772244
1855105
8283969
2919511
8242209
9085605
7009868
761367
1437631
487449
9404940
4758256
7856449
9314481
6747396
6683405
6965530
7217854
2869052
3955069
2935624
1698649
7395300
4991609
2547340
2110279
5717148
1946574
6720837
3138879
2920567
9994469
8613656
5172856
5502022
7847572
3107821
5528658
5270793
2721321
3750314
1897427
2374624
8282726
1500892
6760416
1105879
821981
1594517
2945739
4211007
1473056
5753515
4347703
8780623
7706287
9616201
470732
3936053
6920653
1609607
9064785
389623
3045160
6790759
914016
544604
9930705
5020168
68599
7691128
252217
638131
8858101
3649709
3476147
3920211
2844167
5489006
902966
7357207
1753577
8807921
9099369
3330404
108874
5466297
1637660
8746305
3838064
126962
7513442
2299190
2650489
5546154
3926189
8969616
7112076
9040512
1878086
1396119
4468785
2461844
1886000
8750318
9932950
9250800
3863113
1031767
3163906
6666405
5711682
8395643
615031
518614
4588742
6278579
4440998
5843715
6798729
8800564
4651098
7374611
6319464
9689024
3477792
8002475
326713
5887691
5209235
455416
7535339
229824
341648
8986982
6531428
8177434
7116776
8825489
3925495
2978741
4957715
1154307
193567
2734122
1636832
6415198
8649755
264492
7284972
5459775
495511
6206211
3228851
5466019
8740265
6818024
7684561
2837850
2063007
8054433
4527464
2325060
7506813
9065878
9722653
7308202
487162
24977
1135330
4913515
9099338
2299559
1110786
5349727
75616
6895364
7106275
5069746
7845910
2020723
6348161
4716915
6645953
9200968
1769824
7573102
8048345
7909812
3930117
7221111
9026701
9091567
605052
5938976
7329587
9349634
8256925
4353032
1380010
6311909
9484114
4153922
616542
682358
7641621
5616911
5679758
5971278
4059880
6675925
9123268
2032856
5037622
3390016
9222890
9489203
2869868
8626921
9328847
5262960
8645858
3680442
7409009
8229755
9702431
8478682
1270549
9448018
8081277
807205
8342439
3580837
7108857
5057311
3955101
8473679
7055119
993386
448791
1195128
1001323
9845869
7109701
5401371
777238
9904542
7795910
1609949
1028758
1391134
3647804
9974513
1773266
1456063
1676340
8059917
8958444
770116
966789
3896066
9086065
48809
7592052
3013110
669480
6425786
2610575
9550525
853842
7608736
3779532
3528837
7492151
5973812
6434151
6037585
4133093
1313444
6072697
3357680
6163120
9586901
7567548
830475
7614935
1444525
6552457
4041164
173807
9316765
6638036
3696648
8400227
4625744
2325794
4962076
2642271
1998357
9329651
6320329
2265509
5186752
8740451
9815062
5334879
3729877
7527417
5645539
3664082
2719475
8385478
304352
5811763
7746663
9574493
7830239
481831
133889
8281811
8489683
7317292
8767500
3824810
4650419
9344297
4785262
6364197
8722463
88917
3329980
3604922
7280067
8378798
5291351
6525445
6234750
8844510
4524160
8280508
6551896
5093400
1166219
6739655
5451177
472880
4552686
4731158
994745
908418
8108698
9529250
4850827
4791954
5062199
3910053
1154952
4943661
4175499
9451279
9112971
5144506
482900
9314021
7885519
7977929
2110060
259330
8665492
7813882
9355563
2532228
9242579
4538876
3354267
228463
8684111
2228032
8036282
142652
5621208
2889339
9854460
9128935
8533169
708514
526329
1772113
1122346
76566
4054747
5608838
7350721
2569733
887861
8937213
4089684
1100725
2531964
1817099
5846846
5355201
604911
364340
8063771
666319
9947085
8380084
5460839
6154456
6030492
1766039
5138709
4012329
9522913
29743
2576361
461121
6066494
9965455
9860848
7311396
4329115
6072940
2378224
9034748
8848728
8926652
9577990
9640902
4911025
9498438
8747863
5433873
3641478
8176294
804609
178127
1231369
1545720
6978739
4425181
6988556
1177384
6363554
6898612
9949170
6202356
6383845
4346407
4847443
4264394
8192157
9574380
3982828
1141049
5668891
7875899
430881
6949820
6745523
2189713
9795924
4403441
3088909
6104466
4329135
3389467
6378023
4586845
3851212
1069515
1134949
3899854
9945996
3168010
2988654
6506805
8402826
6315873
5217215
5148206
2350280
7110515
9471157
1160465
8042399
1948163
6944804
1422417
3349020
4227765
1856622
6584689
5617364
6183657
9759305
7655257
1973758
9095130
7959190
4745052
8440556
1770658
7962846
2153891
2000654
4827838
7239401
3897770
3247028
2994634
203356
860769
5661625
8393226
6919203
5105462
3078174
2277854
6595065
6830277
8665716
8597335
5737792
8672613
5668250
7649045
2094642
6183664
3007266
8304593
8958522
5932930
8306670
129096
481198
7331028
2227313
920766
4637375
6854352
1940798
5104890
7933248
8069620
6163585
9092205
4317733
7895194
8303609
8666569
7233672
711992
6982479
9586228
3266172
7381125
7823017
9983068
8091733
3762301
5763201
5303188
6567570
7363274
6220253
1698468
6464672
7901753
3158549
2032760
1259099
7446253
8247940
4725423
4560221
4070495
9601054
62097
9412600
7108926
2628919
5393257
9734770
2247561
7943525
8668290
3905032
5295944
4402976
8508342
4549511
4203499
9579954
7771501
9442668
7662354
5803388
1362246
8192772
9821770
1139401
9840953
6141356
9551714
1274770
9026379
5213046
5841897
704450
7291392
7069420
3496266
7363812
4434917
2593919
7126384
7924119
6110220
6276910
1662373
5639562
7296049
1094383
9399882
9172634
7228217
5130631
4835369
3120491
3952306
2993490
4955575
8902377
2373095
4954339
1633285
3764237
463915
1436301
8456821
9808430
470583
7067068
8786182
2898202
1339161
7699275
2076836
60665
2394065
9355071
8536811
5722641
424015
4519337
6391252
2576592
4411547
2903855
7600279
1078945
6285207
8905202
780990
7031944
7608995
5694222
8337979
7400990
1803604
5186986
3915120
2188700
3455184
6296031
4031346
7421610
2569664
2162121
5888320
5609109
2517359
4547
7054987
529873
2417300
933513
4969035
6923892
710910
6451526
4135404
4270129
6596114
5774171
5311271
4096630
5329853
3188874
5481152
6962327
1131539
1461333
4330821
5901344
5620840
9520753
1888962
2395817
2641288
3243403
7772854
5663997
6741905
6844053
1371450
3304215
1964527
6406203
6549451
1467646
9775892
853083
1808014
994083
1444310
2768458
9282813
6062773
5852064
7510542
73913
9941086
7470152
6008941
607418
6401150
9899308
7493160
8114606
6839273
2223810
4342302
83274
7114378
4662086
3951545
7465084
4677719
7113233
8332945
6956021
8150988
3949788
3279567
20969
2357744
2985438
2976373
8162621
7094519
4930678
7889643
4092877
7085897
7453715
2240807
4194553
4465303
51784
4521574
181709
1545136
2450982
3450964
7010825
6717567
9445884
5729170
6222156
6001900
781764
3871226
6614903
4730499
6565723
2494798
2970835
8460359
2070760
6490911
965457
7172015
4262767
404394
6521012
6448687
3144065
7406034
8508000
9736926
2038294
416686
8446879
2841830
4150793
1009878
2811529
6344047
7479712
2004707
2911707
9186799
6156790
7945197
7259746
8703111
6350342
5916023
1796154
6083580
3859882
5038015
6413098
6751374
2281502
5944811
1689070
9513556
5783097
3536419
7035578
3063840
8175292
1133112
438486
565664
8122355
3979947
9276814
5879400
2236768
8413819
45254
4477250
8014999
894239
1831961
913033
885129
5501990
8933637
2392406
9641770
2502880
2111705
6518539
957578
4838998
3835704
973758
7386682
4092673
6173921
8177839
4815221
1687764
834286
4911982
5051166
5492830
2895128
607018
4139261
9591462
3063336
4045011
8053009
3810861
8073486
9365547
867592
3505340
3064371
525577
97268
9341292
8212728
9500663
6990118
5983105
4993446
1768430
5266676
4928195
8739156
3932565
9640098
1727248
5737761
8347844
220637
340450
6563019
6225698
6401267
6058878
5292584
3813192
4255252
808781
8129710
5147309
4868977
3882398
932592
9289750
8215333
8936498
8009712
6804927
2457115
1623196
2894107
3895737
558745
1306832
8756178
8850880
2783654
621548
2994486
8431808
5204088
7877440
5040747
8260213
5141688
5783132
3587134
2932008
1050717
4099214
6695519
663301
1243059
4695018
6230390
996921
5215491
6625831
1768151
8132851
4827250
7179594
6120569
480823
8789237
5683925
4572403
1273674
6895858
3013095
9083178
9496394
4332105
7720576
6177461
2482598
333044
1123228
4781961
9297226
367295
7844323
6104944
182758
3061337
8135845
2174309
3831224
5376214
5206243
3810469
4762689
702179
5600349
7757509
6910581
1643179
1938323
6023421
2142951
3829495
4345830
2602274
5095901
948703
678927
6551072
1076740
4804963
3187680
7835722
9151304
1152510
6048865
7659440
7631537
7821268
5883979
9635901
5603973
8691417
5183362
2237858
851786
4697475
6331954
4604347
7104359
9277430
6629383
9144477
6562026
902607
4552674
6758549
2381038
2122893
8571076
3332128
1935903
1780835
2253574
2592923
9691696
7116416
9681790
9576793
1999648
4424747
969053
5490639
6973041
4045645
752948
9225441
9829252
5021210
4973039
1971504
8397066
7636695
6288035
4917706
5109800
8819081
6078471
4331839
207733
3318058
1660414
682885
3208039
65507
6124172
6468546
6117160
7376597
5120061
1202009
1745571
6631083
8166016
9213031
7902426
6247516
937357
2210806
8668944
6526481
545196
4100104
774150
4706195
1868283
7405694
9955659
8716637
8703577
7449549
6454104
4721623
3720510
7859978
8016318
7472495
2579729
8544477
6387639
1005950
4262809
1934110
3152617
8613686
1461816
4348178
2203460
3888461
1190598
8380334
5715431
3511678
6957861
6510392
5303312
5326179
8326731
5538133
5079545
8787025
9765002
467005
2893517
843453
1913917
2463346
2674629
1294908
8701152
3145256
8554060
941672
3776609
3896995
9647553
4706869
7286781
4152838
3215584
7146934
346061
3333603
1628332
4624263
4368756
5214842
3629167
741305
7427769
1874807
8889608
8740208
8215906
6939441
3186335
8732385
4430447
2741726
783109
3800292
1429640
9764492
5590863
7029921
237179
8537041
6970438
6253639
2831865
5863579
7215389
1144545
3671176
4306053
4734163
5903914
4166026
2349559
4934241
1633095
454634
9613155
1400732
8285485
3067135
6340466
5541160
6681370
2424883
4244035
1331504
6881813
9683446
894850
9370143
9351457
642237
7052554
8838055
3665551
9828043
580596
5799130
7904119
6694074
4356650
4366972
3602025
2839973
4699370
6755431
5915269
7793383
4219021
3983943
1458465
4487549
5553721
1594769
2387782
6983110
1691290
1122767
9889154
2443454
4477333
3403702
7734780
5877284
4699280
8015836
6751324
4672882
6275031
9290023
716687
8172232
686891
2434543
4671979
3144454
2204644
3882643
5187060
9407789
1081882
1785273
1114147
2647776
3461805
2796780
2112507
2326549
9816598
275057
2098424
7570724
7921103
7286009
7240784
7996290
9026374
6745160
2582770
4122886
5966774
1930259
2858215
8253004
7433172
3173116
9661564
7119782
7985212
795813
4216434
9138634
5683969
4877979
3736789
1557731
7446107
8761425
2900374
318200
7807205
3887132
2403384
5949124
9923626
2770913
1708403
8110880
3011961
5306387
637610
7385828
2850507
4236286
4822481
545995
7051862
3667470
8436625
6906407
7473457
4286710
2630785
8315734
3407231
4074779
3535238
7265827
6379443
6344647
1738304
565959
5684012
4514305
5671684
5584097
9618862
5375560
1808881
5007232
3194830
3211012
8690410
2199454
3949723
5792853
9226450
6354670
8718868
3501503
3284337
2528270
3685024
9939172
5367635
2138428
5968350
7467751
7656358
8653884
3530866
6622850
7432783
7482252
7866140
1617592
5728660
3326262
5121978
9078382
2498629
5222657
6450809
5772884
9371939
4337476
4707378
196758
3378611
6821526
3086260
8094662
3705978
2978174
2270873
6477372
3384890
5088341
53807
51160
2792397
8284367
6794131
6916836
1143846
8324585
5876090
498257
8412475
6414489
1465342
2154415
8595934
4759673
9485371
3360346
9300753
4056529
6440053
4480010
1715988
6431595
779150
4533503
7310608
640547
4718401
2565806
6332897
1101102
2633808
3945545
1178665
4124243
3451291
63410
8320512
5340094
6955475
8480478
1378294
5963647
1300481
537538
1443930
707032
3557071
1866802
6901813
7804914
2300691
3569210
2761030
6719619
1699968
2376702
4700887
5396817
4272598
4314854
641705
8428621
1408230
7447851
8081620
7394693
3405939
4336841
8255649
9329925
8621345
8136649
1221366
1899508
6510921
6165514
74248
9950786
8998378
7240554
6182977
5527726
9802477
8502357
5918116
6967413
1738255
6289223
7334328
279919
7127954
3297759
5302039
4391058
5679673
8092979
4389468
2157477
2315415
1779011
2164643
5091697
641765
3756799
1084537
1601301
3532555
1297582
6108293
4989467
8975121
4196088
5643944
3389456
131621
1005022
448877
147112
7853139
4019607
3302315
4081683
9218701
4794098
7976856
3064973
4558352
8032640
5529610
6904562
7703574
3421518
1965284
2260781
3196162
946652
5811752
310833
7305677
2528575
4029516
6711613
1031255
5927537
5799760
3913378
4761712
3514697
8419334
258595
2978637
9231560
7030087
2862498
6167460
9603935
4025227
8740372
4224594
9454419
6267111
2437865
4895210
6243643
944967
4270308
7513850
2962434
4777979
1826941
7396923
3942787
1885579
2251006
6819509
2588418
6375119
8586213
3005480
3102524
509574
6553861
7122169
3582874
3848305
5081909
9752523
9740254
5490995
2264306
7758967
2116995
6702107
8221626
3443613
5628154
2793641
1597176
9824807
1058916
5019941
2585184
7957927
2408625
9102532
2639197
8334772
428894
5841231
8747268
7352559
3069602
5528547
3630331
916981
7657774
8819910
3828642
4365956
5702668
2861922
3110653
3970983
5622641
7714533
8908675
8653217
8765897
1932268
8058828
1256737
2096286
4362363
56880
77652
8607463
2248826
6655230
8999803
5323507
8535061
8839115
4332810
5464936
7777083
8244932
3258246
2248913
1506565
375693
9326175
6348760
8710659
7893227
4649007
8960090
1805169
5421224
6507468
9676367
6105832
1644328
8021770
8130591
3422007
5796723
777413
1772166
9154675
9766110
7601124
8625120
2099888
3078848
552750
2886226
9713912
5179759
2084886
6113255
2890570
5194789
7286975
4914609
5823234
9218637
3271836
2591863
3075418
4801790
8720992
7564507
2673564
3847469
2187271
6661990
7740100
8796128
6899875
4553033
8400649
7348532
7863981
4053021
6359576
964504
1585805
778837
440885
6559979
8253497
5820442
3225403
2725321
5180802
2178622
214515
2552745
7595349
5348702
2070691
1475941
3187162
2951504
941804
2277917
6407813
4371356
2709281
304279
8408907
3960216
947058
3731691
6516034
2216338
6704847
249026
2950387
3645074
3682902
3688443
4463287
1779709
8555479
2789790
7903791
9502389
3437790
7008371
7072833
4571443
9940735
9265348
2309904
8628255
6722313
2720571
4469017
6431025
8280766
3105848
7009829
7907723
6412225
450066
1226489
7467061
1771836
2741454
7298301
7580800
7219588
5521425
595732
6820151
9127251
2644636
857724
4395212
1912641
4157494
3611344
8973024
3285584
2392383
1436628
4613969
3463588
5587288
132515
2590405
3369786
8665618
6302110
5972403
4918947
6558890
4535518
277292
8207889
1655178
5467973
1196142
7728556
4317894
3407104
8063935
6934378
1528769
7729266
3961600
3287165
6096007
8114624
9690544
8671964
4484820
213062
6043533
4906678
6058050
3510443
2444138
4798618
5970069
4683399
6439484
7341994
9932793
3017134
2356507
771326
354995
3382139
7524550
6269178
1412526
3090009
6711453
2514715
393291
5780929
7011021
1217835
6547947
4779596
6916525
2214414
4044347
7744925
9725944
6868223
1193611
2137887
8397923
8256974
1371480
6836297
417926
3075026
1369681
6173599
8936465
2548723
102937
355572
386129
6020022
3809310
733086
1696603
229064
8867786
7321738
6403975
2011569
9323800
461753
8250361
3026052
3556731
6494018
5942576
7966166
515798
2865499
9933111
3127049
1996315
6074564
8932314
8936739
8497138
7613562
7602696
3034683
8364337
1259262
2417449
5952993
587702
4098023
3341156
7630227
4655540
3170905
8070328
6300587
7158900
9053895
6618161
100849
7890448
2981076
3805529
6428369
5052773
9909343
3233319
8495745
9961293
4354498
8285227
4321263
5819676
9714286
1258758
7757771
1049777
8113190
5733086
9529386
6541062
3504015
8538974
3692596
6161695
2020153
7341332
7817615
4448468
1442866
9705181
3393395
1818899
1496640
3176644
807482
9484545
4238437
437014
3937577
1948967
6055531
845586
8556016
9330729
5286643
1554455
3532641
8841530
9945403
3338704
4327003
4670637
8879773
1085869
6508377
9595320
7938790
7341353
9683971
705001
9337678
5837848
9570690
4826960
6777453
5088023
8043507
2243169
3209541
7618393
8465768
5896688
1089372
894269
3635438
6259530
2508451
7641164
2077711
5533483
4292345
858106
4986963
5345419
2451903
1996506
3958645
710331
5402781
4843908
9732788
8273719
2945611
3632266
1751681
3978675
1213279
5736018
7288920
379519
6528459
2905789
9719505
1962714
2063348
199277
3075504
5360500
7812221
9499737
3521385
7959502
8446747
990573
906108
88429
6456446
1506300
3481911
9801578
1681085
866795
1152986
2766454
9373024
4233720
5847596
4907581
3467516
8354460
7023020
994602
5585844
4421875
850014
2150656
4826839
9051200
6097359
9816654
6046309
42985
2162009
4962103
5432945
5335857
8607258
2511795
3550256
9876449
977027
4609474
6450906
7024961
7389592
7142637
6490551
6287967
4613461
3682960
5289957
7251676
6423831
4184377
7150491
8980154
5518494
9532257
5711548
9136607
3850840
9310386
8717614
960264
2615962
5364710
3652466
375187
9413305
1768277
7885458
8867384
2565097
2514073
7666941
1667453
6511433
4380403
1587710
4117803
3413847
7716020
6846542
5868244
4290475
1006694
4804860
4979802
62529
2781199
4167934
3422182
6511801
788112
6161778
229432
3583075
9851857
3834818
1073253
5756620
3396678
3833381
8629076
6704801
192000
6081766
3169359
5281619
7811314
3405261
8091747
6137152
6994091
8153953
6123054
1772940
4652393
9678247
2843279
3542041
9012463
9204256
6553676
9218542
8013040
517320
1853806
2731095
7873629
1150976
3992850
7079180
7110659
3506094
6978722
194878
4433011
5331307
6103787
6787481
2421278
4613296
4682010
4417943
1545154
4550109
5314351
2617199
514821
953477
1044609
2553737
817243
5276777
7411088
2914159
8652134
5557769
3560883
8762973
9621780
1977064
1125186
3047870
4920919
2412638
9460304
4922779
3844532
3258831
6315289
4778523
9884484
2645687
1319626
7347369
3803322
6289495
1832014
4243557
3312373
7827917
9722698
2416968
2595912
4471783
194520
4350727
1918022
2034948
8472330
9423378
756148
3922001
4821157
2481942
8828264
6854499
1387237
2438156
8130101
9171489
366921
5896985
6760673
4962494
6532206
5761885
7477445
7211938
9575520
450495
9437041
7735617
5348951
8650866
1459279
3648974
5648978
1046614
8869990
678035
6496368
9974647
8301569
3486177
9562467
7988005
8453120
7112339
9893193
1447046
5109799
4763277
1958878
2047437
5802757
4071667
9776126
9927871
2339548
2078271
1948431
733112
3973908
7386506
1448567
2729093
2908229
671629
9445412
2177896
4263991
2775915
2012725
8868398
1083220
7017077
3205580
3070436
5413444
1824323
5568042
3670463
5674543
7215041
1658414
54832
1454988
6081029
5619719
7787832
2126863
3835875
6808388
1296633
340111
2372503
3211617
2381065
7438995
3851112
3989809
7587321
1619853
7643159
1277483
1468270
3793118
7413165
5421383
8110817
8390451
9683196
2405045
8466304
7957515
2110957
1575853
8982482
183269
1501194
6319704
9804688
2407555
4161428
5303465
6914154
355910
4035161
2846667
3571363
7187704
7589859
1280958
8481034
5674517
9222398
3797710
5736563
8865783
615270
3834873
6072832
3519371
6760318
760101
4661183
1032412
399450
2369648
9265697
6373691
2113230
5404478
7445193
9997144
782648
9344848
5079891
9621136
495890
3528745
5188425
7204306
4466515
2063931
6396511
2345167
4636319
7493779
1899739
1363308
6783052
218926
6493431
8309806
6789480
9687746
8585035
4719929
6840335
4723633
5269662
8675640
5028364
2988559
7611795
3680108
3013648
1816513
2411708
5774241
6614896
2656776
2120273
6337631
7428446
569303
6594173
3634296
624235
9320619
5997044
9963052
2082830
2551166
6705739
7848114
959427
2212725
6898818
4128818
5370637
7497993
2547047
4752371
9841269
1119100
5617507
3035754
5705505
388735
7710155
9516892
6711490
597388
8808213
1315506
9944567
2057781
4034864
8132903
3036444
4651636
6571932
1171627
2245269
4646044
5637172
5678871
8170702
5497311
2426856
5251325
6420569
5843023
3707031
131710
1367296
3091204
4003873
3136758
8895567
9341953
7926798
9578501
108427
4858239
2621693
4913372
4337081
1493780
7655146
8672624
8562125
690724
2410307
1290886
7789904
2642285
8687373
2838573
3110044
1697478
1805972
237762
6735697
1772783
6447580
1313650
7615432
6519552
9795565
7106298
6728680
7219737
4356849
3173359
6433004
1241266
1076776
8680680
7751822
1396899
816224
9970230
7465715
5154100
9668692
652990
825480
8202059
8959715
4667191
6382487
5883779
5776817
4912831
2574120
9676597
1192555
711431
7011570
3447984
4967644
3603770
3087230
5217067
2427675
1338934
9565809
4214969
7827789
3538221
8311033
6137896
3642486
2607154
5771955
7853390
5162099
1534297
4920895
9766139
4908111
2064304
7363762
7407265
586277
9884766
9944618
2952664
2651104
446965
8867705
8139413
9224232
4824848
6817540
6181649
1831287
7129172
7602757
9376880
7533825
1351084
4718443
3214482
699469
4826752
6436991
4333862
9052658
2133673
9890846
5159538
7401518
7936243
5341
3026264
761864
1357766
8214581
6833635
296534
7963077
1297554
6211112
3394502
4692100
499158
2444257
3766392
7337653
5031368
4389380
4674046
3164152
4701974
269181
4715173
8808692
1429615
5544510
9127728
6331554
2128606
2500339
5962092
2610723
6499837
9098437
7237116
9592754
7182621
1866025
2675378
7050447
429149
8760484
7206509
4413176
6625275
3203555
6987584
8569139
1034148
5040554
3061390
4818610
7461399
3446532
2465273
3593282
9751099
8825479
7469634
5017648
5174922
9622275
9649580
5067771
7566573
830389
6173335
1530752
5465964
9911966
5598014
2283063
8734169
5631190
8659043
2727610
3691581
9080012
9483040
3060935
2951274
168409
1724871
9754264
9356128
5495420
1505281
4748963
2854282
2920702
5787265
164805
9806719
4925774
8275027
1484828
2832892
5853826
1701041
4159534
4636288
5492626
2234595
313777
8151450
8184071
4364420
3185309
3673656
6171294
6697021
940092
5011813
3106800
3534704
887148
3599223
4248882
5993584
7261137
295068
9965062
3003665
2511094
3411367
5318431
4573080
3372429
4432151
3085670
958356
3703560
1273743
6358393
8721489
7463781
4915901
2859370
1623339
842749
7382113
4574996
5263571
8127753
4066642
7858267
8134996
5368739
5709833
8740461
359405
4352095
2110763
481940
1069222
6795064
7200955
2605942
2519491
2622086
4558134
8413942
1936616
8994386
4508000
19727
1402038
3821077
3930397
6775099
8960593
517494
8266260
4903860
6428593
7322803
4061980
1538864
2655339
9716984
5970219
2324891
1628947
5557151
1171916
9683878
2544349
3126796
8185378
9636243
7555027
9517956
5290565
7025084
676258
6404692
9951670
2206123
7913784
2991390
2290909
6693849
6676549
1424403
7290354
4342060
4854840
9237573
4859350
4558334
8808658
6553616
1994322
7230609
7770735
4978172
8505613
3003093
3044126
938815
5413113
4033970
9128916
671920
4202788
7425444
1653840
5489805
2399534
8692563
2701194
6859020
6733844
9930617
1043361
4832900
9392751
1377366
5499835
3351071
1565426
9737336
7142792
6250680
4390737
8266135
1955099
7740018
628566
2165160
7391599
3322358
9824393
4484282
2470933
1617369
8042228
501141
561343
1316354
6682056
7257168
1376761
5822909
5170254
998016
3826047
4744230
1612530
5828201
9011481
8704351
2544721
1086043
6977625
1297496
1741767
3316774
1732974
8257513
1905909
1058174
6879645
276523
3750747
9177898
4113994
2198955
3256456
1913586
927206
6085001
8618798
1225083
2987216
4453059
6016290
2693117
5367193
6790465
1819291
9443455
8327876
9808752
1238506
2775376
5065348
2746998
9544155
2393863
9090178
7765639
7068026
9857695
4028940
3829342
9001691
8218685
5590649
4794319
8003553
7236626
5347588
8445377
4047824
4825113
6346145
2578584
2335465
8731731
9662902
9994500
1946637
6209475
733696
3854531
763077
9298696
8904494
5169581
2247782
5058025
2049315
116303
639982
3922549
9674179
331488
1116173
6426398
3730581
6588032
949930
2169982
7767014
4699387
9732695
3744443
3935735
6989071
5587251
873201
13941
5572922
3458498
9013030
1041432
2819907
9069818
3758085
1403406
7670539
639828
9704703
1703756
5320642
2608800
3484296
2541681
2632776
7029997
9356026
7406531
5681598
6204942
9140833
5871507
5353361
6672873
4528844
7162325
6935916
1283355
782158
3334444
918116
6602154
1790038
1084210
8532443
584640
272303
9594030
2394415
1769268
226925
4063919
4025869
6000270
3452773
7380738
7621358
9871515
7170682
6588741
9507260
7464676
8111501
1867647
23860
3437491
9904289
1483168
9840822
5576838
7254364
241709
8211831
3178551
603220
3059039
8496051
4761983
3202446
156624
9431945
5931701
450050
7175942
4033760
1286285
486259
3334287
2659955
5782885
2679644
8000757
6645085
8995905
717043
1704672
2946298
5817305
5293625
1279732
5470480
7010066
6201057
1945481
575866
3967523
4063645
2777943
4118963
3083133
4307121
3002652
2742403
5012755
5170777
6690045
1149452
8009677
8892163
6481611
6752253
8807619
2513141
1110567
8321592
4006404
4335279
786256
9223873
8706641
9916527
7231049
7375111
6450240
8883
984884
1481316
9011029
7930564
8806386
23060
4640030
861042
2053377
9514964
6976228
9409985
9531044
1739690
31501
5551216
146685
734856
4792816
295371
3843640
3239135
1078432
2297356
1993200
4881092
7579624
3623290
2840337
4771323
368195
9599011
1614226
5435335
7349525
6788511
2403544
7673088
4600620
3721179
5585723
3267084
8264614
3635263
5634591
8812815
1127370
6741011
2480943
1533967
5756794
8182008
7318372
2341746
3883271
5575390
907275
2362474
2470090
1654499
9004122
4219948
6231339
9003901
541984
9392250
4614845
456639
8871085
9727588
5233507
3197022
8637234
1577615
9652984
4148272
7485537
673286
9710489
8382062
84427
7228257
6333396
9413683
1503500
9051519
8719181
5738502
4614055
1626380
5794288
6659742
8930013
5167930
9775564
1115004
3275597
4558922
603670
9660374
3509560
9287772
6226784
1408894
8527800
6020086
7580693
6075779
1194809
5353375
7727731
9468277
1989524
1844913
5356531
7141187
2823765
3362533
6151019
4911173
9907894
5685813
4952546
1145901
9382597
7903543
5171368
2271064
1854922
4096183
7847214
1296734
2634126
4969301
4494384
8085499
2220270
6441216
6544486
466528
5515055
5034645
9486481
7847194
6730348
3737946
4161539
7258845
2026992
9363064
8067044
6432205
9726931
2612897
3113073
7940052
7537031
1486768
3526986
1060551
9022820
8754671
8526380
6324673
959845
5954142
8216497
9088297
8774228
5538531
3864259
4049821
1302717
4345623
7041505
8447473
3805236
3771445
2593777
9357600
828214
6604951
2022663
7300472
3113714
1621413
7285647
5324449
6079154
1422934
4022972
119507
2190051
4967686
4170774
2378248
9318017
6518780
8842023
8547416
3664459
4999948
971546
6454764
4223232
7420122
2563749
547498
3053110
6427373
1780361
6779180
3817814
6874560
8302134
2277897
8349216
5700050
4905673
8713367
9036763
5972287
3186320
500625
3115772
4733720
4998889
477770
1540907
782593
9252014
8960836
3350344
7699440
9007037
7747507
74252
4794764
6439729
2880014
3969110
5067311
5446068
6006720
2162404
2326244
3064026
7963045
1717864
8483690
7091787
5387751
401734
5752833
5423432
8753330
8200773
4748595
2682853
7780366
2309381
3941211
1460180
8057865
5231292
8282506
9134702
7407486
7316220
1599166
9705875
7804937
2503917
7122160
4438109
7610320
1627500
9161791
9114752
4639170
8394195
3858612
4751767
6014754
8802066
5177906
1410597
276612
4535203
9413182
4234583
4034101
645275
873743
3158544
3407871
6979774
7402806
6921054
3738784
6545487
9196298
3337380
8846352
9580114
1940422
4179774
6758574
9538702
6427681
9081607
5682225
2862691
1100282
5165314
4308765
1871559
5909934
4597170
2885903
8946377
5931245
1636871
1654028
1623515
5514596
360263
1826008
2713392
471390
400161
2958060
8867649
5231746
5929693
4353000
9151641
7819437
7577753
6029019
6547559
5464170
2344261
5611116
2057069
2394826
5839972
2127623
2348789
1449052
2075998
5763340
4167627
9004946
7436818
7644165
1581999
2176771
5098638
8497245
6273934
242826
10766
4997394
3140360
486564
5411291
2593173
4851023
5669643
9625785
4712692
9821926
1221274
8993066
4112412
4112318
521062
6747440
1528939
138053
5023590
5413152
9007646
5273020
1755424
337561
4251115
750064
2137512
6528616
2293554
3654654
3531241
3709907
8641366
2572188
8076251
4460433
5630512
8877034
9229123
2125596
8006875
7276895
6454635
2225604
5764804
7467138
2958068
7688035
7422066
7116137
8802750
2305883
9976576
5591416
2074488
529380
1859448
6607209
707463
4540245
3236543
7002406
9140044
7873477
496131
4921253
5495423
1061428
324714
8042546
8754735
9554242
7602611
5930664
5606961
4728545
3946975
7916654
4517875
2811541
8844769
9959657
4965774
2162968
500000
9634997
4578833
8988916
5972738
6402054
8557519
6806955
5703622
3555708
8681937
233513
7654407
6483612
8266348
5820026
1376495
7563913
4715143
5433113
8927205
8870
8541321
6331691
6004640
2923475
9136948
679406
9093333
1697892
1159586
6284028
5078909
7610896
9552328
119984
9575173
8470133
4790660
8705130
4113906
4882036
8218446
7023966
3694330
4992231
8865627
4990304
8016220
9715621
4924866
5184466
5869851
4883902
1497363
3703331
230193
2076103
2080569
8921961
4069588
6356446
7353527
9079633
4936986
897845
4377554
46527
802484
4501789
5061570
2094358
1632164
3153348
8637333
3680180
5876122
6604103
8499569
4376
3041129
268849
495247
699483
1680965
7627844
9859767
6658921
3455850
6580711
27831
9088450
6960435
7975113
861834
409221
3342929
3029920
2796984
3074733
6246780
2746238
1020344
5794676
7122697
7947335
7711450
2785345
2076757
661353
1340282
8443571
1164262
1536637
9995071
1888376
9102514
9636732
8876811
4609787
7481677
4052235
1912312
1011688
4722534
5413875
7246885
5412294
6753166
5503927
7965427
9286485
5779417
3253123
3142374
7819023
6518726
5278760
5938811
5624034
6816722
2365082
28156
5320486
7849968
1201265
5334747
5205261
2772717
5374380
5894141
8478583
9733009
5129838
4088860
53410
6808011
8031006
5082750
5008942
5076473
1566301
5439096
6595747
4715610
9406295
2356307
9751391
5064796
2719474
235961
9897821
1609147
9523947
1139039
1941264
8351327
5954593
7832615
7686774
3099347
8794292
9850719
3344629
6966165
7805628
4476188
2164908
1272903
6240484
3270443
7577574
842468
7363548
5777767
3646400
8507079
3100916
4862157
6711796
3381416
6915648
2960577
262060
3982036
3841143
5414212
8888633
2848466
9689168
9732775
3955248
6319529
6102903
6253779
6706128
7587090
1788840
7701603
6715160
1754919
4326467
7068128
3251905
1568234
8526501
3126045
6625752
434160
7983433
5407851
1731255
2344626
7804451
7920358
6222705
5222290
7107173
4454254
8172297
6514716
6753032
9822542
6499404
9853922
5204716
3613320
1097259
6332681
9530586
3225437
5846513
7878713
1337625
9695042
6856637
3221151
2255372
1139880
4587747
3648610
8721787
5106174
5767433
7255634
4243094
8707127
1762458
1992252
6041659
3087525
532905
8870954
9559240
9410847
7759960
9481264
4885154
6439762
8013971
3136094
1000414
8480239
7391897
818340
3753230
5110585
9339905
8588267
8136288
6042881
1747221
4607056
1699620
2468433
2388649
7070759
9095895
1972407
6001979
5730713
1199182
66926
3689335
7738587
7109456
9162425
6637588
2613965
1184950
5680895
3898140
3784314
6134486
7019483
5051656
2739847
680971
4169307
4511874
5926386
4057831
1635084
2418150
3457815
2155567
5752202
6082618
995777
5834977
9563938
3412094
3517717
7084265
86243
4841226
8569918
9608902
5887458
4826758
8536049
467299
9983849
4514684
5002439
8274101
6744575
9009713
1371218
8419248
102624
5753817
7760930
924709
5266473
9590413
7684734
9348079
6126709
8976159
6371407
5659477
2853849
1549180
2121498
7459910
9270058
5202459
4337810
7156400
9079012
4862048
8778081
8968619
3390811
1489179
1428392
3130085
7335226
381406
1986469
5918837
7018863
2772146
8005843
244494
586105
8670439
970537
796996
3923841
5855489
640765
1896960
9403932
5022937
1207966
9937028
8182083
9969238
881310
9600836
4946502
8634409
2237566
4120312
4277343
1612153
7717353
4058613
6441720
3618986
7562973
4341961
4697992
9136441
9640921
9689776
2015023
4206961
5490867
1890739
4136369
3804386
6825386
5792290
24677
7459173
3621443
3394651
2786759
9141736
8004696
496817
9006072
8771048
1641991
6996829
3017665
9838698
7590649
5365
7522252
7913723
8999828
6678432
1794916
7150147
6887885
6203995
4938005
1442541
6862055
3788699
4384676
5621119
4939079
7073740
7543408
4502794
623880
7407947
5360719
1332404
4485206
8683160
6806133
8559612
5736639
6970498
8935274
1221135
441604
3161353
3632433
2668545
4642399
1366333
9406540
4394583
1530671
8867167
8021146
6608910
774587
6328392
2752050
3723580
2598553
1055970
2008981
8169444
6072981
5638741
7953821
9006089
4275597
5113086
976052
1942449
4740907
565067
8817666
5373456
2345030
7102112
4580993
6104468
7076639
2505283
262733
5333755
8935912
7303820
3536010
4518465
7111740
5565843
5418306
8186307
2295912
4641945
8886789
7228248
425722
5767091
1789902
1662721
458472
1342838
2603870
8807995
8795919
4457448
6902303
7782056
661679
7037169
3181375
866604
7112702
2884852
4483291
5098366
4266499
8374272
2644081
2260505
2416943
3832798
8305651
2924015
8167800
1772322
9124598
2251157
4622302
5291124
173282
8046494
7012232
5026661
7270651
5908101
3759090
243558
4041152
8509475
2676792
9433252
3770505
27247
5278146
9890836
8890088
7987889
4919875
3425417
4097235
8626839
4156140
4177291
5913578
3319267
5054144
4948622
3028578
3794164
5065237
3675451
186906
8492170
6819530
9021059
8928513
868838
2035228
2311292
2896702
8969970
7774721
2964544
580074
7577837
7080722
7772085
9850001
4341996
8779131
4015244
5695444
5126680
193385
6123604
230739
1411597
3248374
3408473
8905139
1977660
1967971
2439345
7229502
6693066
7319859
1440621
2785550
5800821
8799671
2937232
9964941
4323476
3953177
149452
2717408
728997
9873506
2280463
4870468
3046966
4435287
2073908
6241298
8612427
5714912
768681
391903
165240
7879137
691376
4115416
6609506
4600442
2818228
9588474
7580466
7984317
9340579
8199126
4750589
4115374
289760
8656146
1527943
164114
9322007
6504544
747613
8861729
5786000
1322358
5507302
1889236
2242920
3074966
4934392
7835119
9930142
1653746
5763187
9736762
4630766
4717932
5129089
5924566
4951374
2213012
5043258
8527696
3978159
3283063
9784951
6030240
8633600
4689529
7762548
1165849
2465418
656246
2941674
1377726
9195465
1627451
429783
1635174
836217
5288271
7477271
5560134
1869880
288694
9862767
1570619
2586441
9750388
8118601
6604519
4164152
8983359
7824485
1935801
6257011
8052338
6246532
5825447
4637727
2114900
7883311
9028342
6451469
353871
2164925
354653
6723544
2537224
3646236
7393175
1584623
8401153
3457897
7102830
2612898
3262312
5274142
1958540
2385419
9706536
8032812
206498
9000716
7530215
7036223
3761199
6106971
4196172
3352484
3373498
2054067
8907375
6023552
3614826
1107387
8545432
9203458
8485625
7284567
8343694
7637633
3823419
4902663
7824590
8977346
7505374
3510254
3464660
4217336
4880648
9979568
1528428
8466789
6452854
7497715
232768
5713913
4134889
295723
5799227
6791737
428610
301845
3923675
1057230
5373360
1131343
6995588
5821937
2444567
6484024
1179040
493942
1333614
1510285
8712874
4036597
2933638
2263842
8444974
6675877
6757212
3198929
8272920
9469977
3809010
3132121
7093302
184375
1044403
4487383
7990357
3556373
3645490
1468849
2902372
4944742
992702
4301735
4072478
1750059
6696016
8214648
1976766
8197973
8905547
9603386
1906207
9424009
4994924
958827
9161117
5153214
3821290
6454514
8717776
5506760
2267408
5255377
3349579
3976169
9806479
9120784
5350790
1051931
4979122
6839510
538229
2829273
9441271
6997602
3452304
3521633
4623658
2699475
7303946
6847583
9101864
128982
2562290
352885
7880421
1447521
6348435
9431010
5985658
6915215
5383219
8948853
4279640
8606024
9140348
9576320
7170282
9272299
2770551
8876660
3217427
7076871
1471765
305383
9374645
9378175
3838117
4912335
9991456
9206414
6195631
4678511
2740211
9910946
2543520
7200184
4804937
366254
696551
9235994
8472818
8383707
7345564
960901
1425816
9404548
6214851
2238107
5965103
1239427
4018608
9993829
3333484
4108747
3865316
9994021
7633818
6055637
1814802
103066
7441824
7482738
9584536
5862044
2159115
1277113
2847931
7756820
3378531
761147
4994220
1620905
7209236
5668927
2687061
6786036
9635672
2808858
1801067
2808803
9194099
9592752
8406945
5848667
8564857
6030780
614311
5463472
8030627
4554060
9654208
3507338
415629
598558
3036699
1166996
9361475
7255009
7582229
7558295
4377725
978676
1373741
4535765
5445142
3412612
8015867
3346592
1293274
4120370
124168
4150370
5939703
3386930
9643204
1844067
6110070
1978025
4242912
2719538
4028062
2211942
2015751
9518855
9674975
3675972
8808979
96353
7170788
1897003
2120582
9546959
1517364
6412981
2636090
6495938
3167721
5835372
2382205
2858376
3170971
8905642
3988428
5160434
8421616
7994425
5259210
3356470
2989252
979288
1510515
272618
1545218
8625910
4052756
9822352
5639569
4372286
8624003
159863
2718708
8127402
9000748
896913
3276372
5501377
5896614
1022698
4958936
1477694
1415270
241712
3778748
1400938
3031298
865041
2196750
5856152
1087206
4725288
8519215
2989090
8027203
8011978
4625391
4190559
744904
9977907
3038104
6705128
4475110
233776
4206269
8073007
6948124
8972514
983018
2694408
4990469
1719307
8770881
5597159
2998604
5844419
4563227
3189142
3633682
4966835
7233178
8977159
3471267
5947213
4860306
9435106
5391546
1394259
2803923
3749802
899603
9546257
931731
6953780
6108071
5247077
6462887
3015726
9173508
9876003
9691707
7076882
8159039
6992916
4889010
142607
2903169
1920170
5629347
5100367
9478994
8876963
7288486
7966163
2045192
1991446
4651045
2507611
3367201
677310
7546447
4637937
6499344
6877959
2998369
7044144
8704368
5255713
9656446
9878849
3692883
7431690
411183
7270948
1937117
7144024
1307586
9988636
3810393
500274
2210601
7444691
4919310
4183375
182369
7789630
6970077
7424646
8726167
3473796
4033828
7232162
7525684
730211
9154622
5132960
615656
1426314
3788329
2946578
7363161
8503589
6850165
8083094
5585573
346496
7566923
1372607
1415363
3694068
6951204
8548858
9522968
741762
6476869
8539165
3963900
1749565
1906288
1665481
6461801
18655
1990349
5309510
8817321
4536781
7535358
9320630
4814070
5256653
5458760
3526657
4300220
7721045
7759066
2767800
8017726
1668451
6211555
7111790
6460094
834914
6354956
2791540
6677787
5626453
8801022
3059302
176544
473647
6200876
5368551
7795485
2787320
1632122
8711525
4267358
7079408
3363546
9905246
2305724
7835985
847774
5917625
8340517
8257228
297342
9507567
9209222
8058859
7100629
5490142
7198912
7923374
5624988
7390327
3976996
9255964
4574611
5980598
6730097
5475761
8806063
9497766
734857
1123267
9826383
7211963
4992384
6113186
4845793
5825276
8706551
41430
4473323
650617
94130
2984198
7823272
8801413
2329274
259392
5795102
3828676
716348
3145800
1063410
9412377
4901852
4159496
6785869
9133214
1718379
6088872
5774017
2268258
3620380
1740358
4357831
3482273
8073300
2594719
1895855
2877054
5605756
2783364
2774045
5874801
384245
5856812
5744472
6468813
8070264
5898962
6399294
8578866
1795826
412063
1590523
230696
7659942
9041064
8928777
9082294
2537690
8278843
867557
3579924
7163399
3848542
6761948
3600901
557481
7536318
514418
6236880
8173702
5496450
4554557
1898665
3801224
7611311
9267252
3109752
5306146
2678569
5790522
7500081
9284259
1108842
7479888
5003515
2614229
3043077
8000356
7937659
3065236
673072
5138260
8353719
6848270
8373544
3417713
3312323
8512553
4826942
9703916
9910231
6067328
159591
3172903
792053
7831612
4955568
7533110
5528150
6378442
9094325
2405990
2876188
8822073
8826645
877593
3950889
926102
3237250
7226683
139811
4215113
3084897
9028661
1106716
4656890
2712213
8007787
9375568
1651479
3728970
9020774
8201565
2933343
7923188
63358
5375083
8301920
4382566
7831479
3573644
6559012
5712385
5491867
3044887
2902840
8139196
6194517
132376
4257542
9234515
4174524
7032152
5266700
9688181
888406
4432232
9647064
9415479
5351748
858988
3022877
3471743
1617799
7121998
2874285
4717089
2303217
2499947
273176
3377856
3261598
8852923
1666874
2371960
7203193
1802629
2020147
6758950
8195897
8098151
2802595
2400735
1602421
6203816
9159374
4000626
9282556
8762466
3748309
8264423
6350745
111939
6722816
355345
2136643
6994278
1433856
8139964
182811
7970553
9192694
8252614
4553588
7610739
6946648
3693197
5904522
9906666
5851845
3235556
4885276
8098085
8044613
4401799
4446725
210146
7267529
7381087
9715996
839015
773611
7338238
1851194
3900909
5775251
2049709
4677620
8125562
9983023
9941631
5032364
5470500
6900505
8843866
4819889
7907871
3265632
1543790
1894522
5232873
9017143
1505267
2947542
2309044
8145289
878231
9532281
9693922
1921441
284322
6886608
9839832
992534
5860263
5759385
9857239
5016380
3275943
7455377
611211
2498665
1831135
5008014
6011134
3572798
4803782
8378191
6123133
6870516
8993780
8613329
9594099
837635
1525079
1654542
9356166
9522384
6241490
7678865
3668159
725293
9285665
3011365
4961663
8209091
494167
6936205
6219921
1374363
2186532
8785624
4554003
6459018
1279774
5730450
2415751
6649031
4946923
799103
1318849
6358326
8606856
9812834
652160
7721177
2569038
6877345
323439
3031765
1440922
636638
1324066
2808688
5624660
4101570
2088676
2557265
6932479
5588234
6682176
2714113
1255696
3470601
2422781
6671129
5307121
718685
3730414
5652807
1794936
2205472
3084236
3265369
751537
2171830
2638021
9214975
2978178
9383126
2051601
3288275
7822055
3197744
9636186
666333
8358780
5346459
7266305
431205
1702450
6737921
5725746
3210342
3726721
8417222
6793940
2901874
2513939
126859
9256805
1801183
1441088
6246669
3588710
4364842
159218
1240531
953112
4653497
319571
7734386
6473365
8344712
8567389
3638938
1675697
5573819
3839877
2203335
6666782
2150470
8290360
2624794
1917181
3740514
8073611
1637081
1116785
899886
6166053
5447387
606445
1191100
4777424
2400972
1436420
5685643
7410946
7597515
9080094
2709173
6830063
9087186
2440796
7610541
8727375
3430981
2499917
3526756
7252755
2464330
6923382
3712872
2295645
5568880
5636784
7798161
1026082
9947780
3354865
1242089
1244332
1232596
3259960
3863286
9767815
5528488
8393950
1154576
5679284
4486290
6429549
9920145
1780996
3894827
7355012
8271744
8719200
1573057
1872962
2487868
8117540
9338065
4061134
6096384
8967676
2488371
3172113
4831150
5052587
5557041
1398622
7188500
5501186
3132975
5891572
1234335
1717698
9345144
5070192
2996517
4678927
6634995
8724423
2910991
9650856
5120418
6631775
9300608
5630877
9967388
8396755
7201831
6217363
6151426
8093760
2562918
7686142
6777804
2438148
533223
2297746
2689781
1567172
3628128
5877394
9482516
4776593
8069748
2919811
5264444
9908695
3032802
3909340
479198
750568
4052321
6929787
2796776
9337882
4513621
2307963
2176438
513600
3699474
4463087
3258375
2233186
1628951
6862627
8257784
6337943
1751102
1909066
5465447
3835109
7213024
6770531
5621336
1052122
1154636
4271912
5680298
8876551
1957210
8216979
9888262
5248701
2526502
7694016
7234803
9514080
2647877
5148500
4959473
1895133
818894
2924921
5369850
3525144
2843351
4972219
2617155
6656735
3805881
3451978
6506375
7138433
9619671
9111222
4913131
2713501
5701310
8826863
5037849
5478672
3800449
1020075
4279060
7691132
8539518
3982344
232278
900925
4941855
9602205
3066799
3577483
178614
7821588
6900685
5776628
1064390
2250888
4571675
9451333
1018015
2354629
552380
4492050
7774448
9425404
8317485
4609313
8923544
1119347
7203048
2416299
5135667
2640843
6675579
1944738
7519591
4530446
8616769
9847330
3231646
202835
7739195
383021
3573279
3818201
1454295
2928241
4523608
6751332
910767
5153850
8719259
5262692
8480693
7669135
1080665
8075387
7095610
8049012
9011154
1533615
5322709
9020472
3506682
4170897
6632459
9825268
9249569
6692196
6238131
9112797
5664583
3164231
8358892
7733808
6280858
7483332
9813504
84083
7805496
5226013
1745102
5635526
5892665
4197947
6351885
8915709
6319714
3452705
9075379
7008984
1800114
5099338
1015928
9981024
2181234
196345
5826529
9897156
5009762
2292624
6672780
4578959
5463530
8243020
7599898
1638871
8707103
3617325
1028725
9229433
2312838
6321138
7941796
4605414
5202456
7289729
4760288
6475868
3844703
768436
6438079
5335213
8194640
28040
7267217
5303642
2334096
8353132
518225
5016436
7513565
6059929
6678082
3986586
246121
2349027
6397878
1267112
9431005
9352862
4430730
3203477
2384525
4067326
959186
1097839
8340659
2130606
6120701
6392872
6223438
1513283
9946595
7491459
3540060
7085243
3710038
1108289
335408
5232677
9215316
6084262
8382113
5500752
4609594
5018592
5731091
9656362
1095938
9694852
991563
3614159
7773684
8546313
3612433
7881902
7457347
457928
3284241
1309769
3646283
4654603
3772460
9443501
3629225
9639445
7634184
6374775
996612
793342
4272048
281289
5999425
9210044
5636690
4556515
2531894
2311315
4203822
4787276
9060387
7417324
7024737
5399654
7754990
7928501
3490525
2438463
8258598
2084335
8390630
9862766
4582569
7497308
8977703
9091194
9807904
4962720
2194393
5003198
5354652
4006409
5682198
9645787
2633590
6531249
7118712
9893448
7685315
2037149
2479377
2703529
2919947
3606167
2095340
6539804
2474427
1350914
1436080
1113435
8926384
9009233
611528
6263992
8931077
5235865
3521481
274121
5746933
8631109
1404422
284733
5177176
4000970
251625
451115
1591585
7576364
575152
6929283
7643412
934718
199954
7609882
6184056
510547
5775658
7285958
8560479
7838712
1085313
871485
4398638
9698772
1866907
8359718
1972343
2680796
5476977
3702793
5480943
102081
6297764
1902050
7246189
6924271
4631166
9727191
3006387
1739488
1400962
4883424
4913017
3069365
3414695
8204511
9796158
4663618
5789044
7293496
3836703
8332780
9892375
7653266
2585097
6738353
4704662
2286743
2130646
2826087
8214878
2772152
2423247
8088841
8880778
2939984
4824912
6130468
7839045
2393083
3038480
4140557
2196177
5179454
8332405
2358943
1501850
3059850
9161626
2147931
6446339
9721150
2095147
3272629
2800333
7032262
6499046
736789
2061297
6951788
1822984
173803
1510877
8556750
214766
9465221
8567424
3161936
561671
4692602
5021769
8881180
5662103
4581562
3562024
8360903
4588155
134814
6034627
6558239
3623985
7674942
1770576
6177146
4062105
1338979
9259838
8115362
2177868
5085603
1197313
3601322
4044378
3762208
9838031
939410
880243
2646137
106806
4341872
832583
122225
651613
245348
893436
9480013
6112535
6989148
1802874
7862741
2513835
1146012
7134249
1304796
3864997
9245679
9056112
7892958
2973264
6226609
9058922
5565196
9373109
6345754
6647742
5844520
1448110
2680141
4103240
9778640
1686495
7988398
1845554
596830
2189443
9223353
643275
6241000
359376
6782665
4060535
5844488
298291
6450541
552487
1022084
1735705
9587340
2441870
5308905
7862014
2856335
3350065
446848
3516584
2512997
7133279
8923204
2007281
515098
7928523
2771985
3844874
106204
4420424
4772782
4298232
9272464
3333971
4302152
9492990
276237
8565849
7216204
4727320
6356193
6342174
8458957
4844942
8235483
3408755
1031100
5174556
3089887
9978812
4504452
7724371
7504430
8828313
64362
9863699
9686115
1795283
8238402
6013316
2404275
1641
7278091
2353517
1890656
5640000
3982901
7261079
7698631
9372879
1988619
3763875
7703067
9709638
7908484
1890173
5937789
324999
994905
8504109
8526677
9421527
5126261
4255871
9642462
5224164
5843591
9278019
629216
6297955
8457403
8117303
8363926
6169165
6053392
5309763
3723833
1245449
7731458
6610682
9488853
1953822
5193939
6238509
3998759
4730258
1676162
9902225
1509897
6208971
8109433
5324638
4094726
4892085
1542549
7647478
4005580
873750
9460501
3762782
6723190
2384477
1776328
9149476
2035326
3437903
4274760
9816932
2165439
6835215
9546904
6957267
8268535
1658845
7434381
5997748
3629582
3012309
3243754
5146552
6169937
7355965
6390330
3437992
4919601
84306
2618923
2717731
8830677
8490406
8099321
1269147
9576441
2986913
7852986
4623803
6167071
4708275
6573903
1899225
9444652
6863792
6441644
7069317
1205930
2658882
7472130
5079708
1895958
9716691
4586863
8835184
6948698
7293010
2699819
1256066
2234811
947980
8331767
2005019
709971
4164088
3702768
5930461
9758540
9998128
7794282
9530344
1016222
8637092
1773114
1324050
7468125
6815537
136532
945991
502785
825195
9809384
7595805
3377567
1621251
7152867
8729955
7538203
3822954
7056309
3666173
7454643
5964059
4764116
3791607
9402704
648672
8305353
9394334
3310625
2367098
1870623
6899116
2871551
1824353
1763360
546616
241388
9562470
6046278
6406442
6492207
9399966
8441684
2306226
5283083
3613393
1179623
9955869
9843550
3588361
6847386
5606965
8319790
124033
1670452
5707358
1478464
1109058
506940
8088571
4030462
3413210
4531051
3973017
4780913
379146
63431
8957880
3421478
8331383
2364624
19389
9755319
3652590
7487835
2618355
1211916
8224090
9185101
5053193
8806732
348020
3841756
7013904
2496116
1263391
9880770
4806940
3644360
577417
7727857
3661672
4750872
2541704
4094469
9250535
3891265
3600179
9787460
4617291
6132928
5339432
9129522
7507520
1358629
4719366
1350806
8188188
6283448
1879330
2140940
8578144
9071445
9299897
1513611
6356865
9978166
4446715
700691
1897912
6083909
7969190
6823150
2175584
1372548
4793127
3467145
3365001
7008852
1066461
8926208
5387529
8007252
1786895
9950313
3478085
9374894
9506124
1259914
236328
2209042
243575
1360110
5509038
2349931
5461781
8102824
2560846
6552497
6273419
161625
3969349
2187971
3183082
3328825
62493
6413843
1481659
3107218
2222082
2800577
9619825
3027132
2551792
6282787
7890239
925046
9885038
8227462
8058300
6235265
6827800
7655656
9366375
7452836
5570754
5981015
4323241
5013435
8920433
5665006
5000385
6382074
5410107
9726038
2251152
4087228
7334836
8120296
3852664
3394460
4011344
2422103
3218957
394
443051
3670108
1165792
3258378
5278173
2236747
4232636
1420782
5075708
5627703
1491513
8744336
8761499
1431861
3506549
3229628
9290462
8032779
2786978
1760803
2520534
4555470
4136185
8036227
5906651
9956569
6892855
5272592
6724497
6628672
3775193
6567549
2970677
6473386
1501625
2675491
6111448
3630518
9741239
2600481
2236918
518361
2463282
7358986
8497294
3139757
9862541
1069468
579728
3275361
8597506
336691
9601901
8278251
94911
1225639
2572467
1863219
9128031
6870711
4208222
9063124
59123
4214916
9213219
5568943
5338878
9411277
8569701
676312
645709
5068624
8670070
8244314
9682993
1503071
7344598
3507293
4693672
4899115
8752794
6996005
6632907
7900202
644357
465273
6752607
3532406
4620251
6947629
5625538
8940129
9141724
2314726
4351188
6774388
1264825
6260790
8734227
1029751
1808767
6874050
3173199
5618626
4641266
436926
7157082
545456
4118128
7137492
934522
7373783
5572549
6312538
8104016
3134836
1283727
4106174
2840256
3015213
7582831
6081288
6993179
5936828
1998497
5083618
4986982
6443519
2213215
23404
9700997
4839640
9595588
1188825
8962980
2499462
5065031
9904482
8884134
2107062
8429860
8722425
2524780
7438074
3353096
456107
8266264
1291774
4406856
6830259
9544112
7359228
8681952
4809098
806249
4503746
5747089
8364960
1024778
619896
532146
2334686
6845825
5185233
7372135
8235082
1191862
4893719
7369232
905595
5049972
666962
4118766
3451695
5708247
9286456
5485632
469222
8668849
4456243
7687915
5081668
1785046
8936980
9811355
254403
9124459
9550253
8818142
744932
9006712
7539120
8444357
8939918
3874210
5424988
9396103
9716641
4627686
5853580
7526367
3952258
4697280
967264
5041285
8504903
8346017
4781776
3265021
816523
1298494
8085377
4112220
2577611
966427
2006088
9192611
4415379
514479
7328799
9010171
8714212
2193002
2434718
6607186
4652114
7864934
7908025
4373147
1915373
6330897
7060310
7518434
1205772
9323900
440215
3236545
2305473
7822283
2330869
59829
7521093
7388328
2187665
8301668
5767324
2755816
4217882
7567476
2548761
1288386
550371
8830679
5626468
1816776
1806297
1529870
9938094
2248085
6643160
367713
8794755
2803462
561040
6459040
9063224
2317567
2800066
2995836
145729
9619677
5630261
7111035
5611529
632286
790761
9850748
7131042
368001
8289058
9301344
1315785
4357191
5173043
4490077
2208574
8849205
1447147
9706796
2829141
6965426
4789155
9509362
611159
1802546
6578046
8511938
507077
7970487
1276287
1587046
529294
8412249
450363
6120214
6398252
1140969
18549
5564216
8034977
2111884
1316134
6649101
3887342
4175791
8600137
2819288
1345036
9257301
3416434
972152
9375653
8462621
2567503
6825794
8108332
9940274
9609934
4321114
7541822
5647928
1672434
7484639
6681160
1600871
6199681
4958500
1837462
77652
939514
1674878
440648
2755072
605024
1936617
1297636
8093981
2521611
5849323
5666626
4625546
3518646
2664804
7468976
5422930
667744
7523303
3197361
7710177
300627
2647181
4723364
3271374
87951
3012000
352084
2613429
3279915
8165299
7712485
8805741
2001465
2503570
1478748
7189986
2470888
3013327
7150192
1793530
4645134
6448794
3893415
1116734
5850160
8186466
4924416
5775469
2346157
6256190
7121515
2921336
3016446
5031326
9954444
8417562
6212745
9357680
9576450
6647835
3770565
3675851
5682873
2890524
4437304
5727843
7923303
5557627
4256305
8862146
7523205
7499040
8828321
6445135
7547273
9038114
8728589
3891113
4502295
77465
824647
5477641
7659195
1595749
8913160
7339905
5661286
930070
4584347
2678684
3656998
9091160
7578284
1318377
2897211
7606396
5831044
8504200
725330
5783868
4250006
552815
2311757
5713695
2909674
7164389
2517686
7449790
1498924
7695981
1653913
2198170
9294964
234891
6624652
3740816
4302889
4642403
1219750
1043071
9108065
882078
1556143
1108745
9232300
4315561
1156661
8563751
7193620
9145878
7589372
4063078
2529139
9714313
4126201
9595076
8342359
5415875
2259625
1221091
5050890
2635843
7443352
8113442
582931
7162970
8088401
1994346
9771873
816914
4328705
2252036
6742976
3443513
1995547
4881982
1580230
412557
1941801
5630733
6504831
4974109
3216567
3635522
1899986
7127694
1085319
6115953
6153579
5799430
7693627
6320579
7604503
7436730
4838741
8137003
8186448
646385
4160083
7594393
743658
6472337
8263674
3420177
8759609
842378
8179997
1066795
3862625
1128228
7322706
2591836
2271257
5591577
2825622
822736
91525
3444331
8571701
7345642
7369113
9986360
3159208
8195964
7470485
8217735
4354616
5249314
1149219
4681177
8141921
6102767
1741183
2931894
6535667
7819117
5159135
8881764
9787325
4035893
3094746
8518884
3403364
7751015
5981338
7096266
1832310
1073639
5200966
6460546
9520158
8123132
640577
6844999
4689574
4371870
3904736
5616696
1166989
4842640
4971884
7162000
7105787
1473374
7970442
5751977
6029136
8343868
2822672
9335098
1055660
8278889
6451798
4293675
3555354
37555
7839057
7841508
5901788
5372177
4674681
2894040
8829977
1589934
2777104
285126
9919226
7076874
5108107
774179
5305869
1948951
139933
7683832
1106365
1798897
6951458
2576033
3125832
8701490
4955557
4724903
2661039
219376
3502725
6756217
736889
7145208
673907
1503135
3674587
6854813
8464929
6257532
3349205
4005764
5500071
9114996
3069699
6339656
2091024
6910390
2508973
8849814
6954142
3339129
4997341
8482807
7682814
8497792
2641165
7401937
8211583
3557217
6452321
6086472
3551130
3489913
756568
4930479
6265896
7020865
8059479
9597595
736189
5405556
6524792
4249317
2867306
1077658
9216752
7111298
216006
2661304
5190387
6593249
8506792
806313
2985816
4500278
6577278
1481459
9302869
7040245
2938989
4403113
1651661
5949897
4137314
5185316
4144711
2234830
7628373
3124847
6217035
6170862
6247693
4445727
4077767
9967705
4558625
6262922
9669151
5318115
9932461
2616146
7513198
2745545
3392642
113282
3105725
3533313
4073298
1018204
2915238
9322735
1302278
5499843
8806328
2510042
2317017
3140645
2178940
8351629
5886870
9992678
7792932
9559724
8702180
932721
8073108
51120
2032715
6277873
8164713
7855197
4872456
4180825
3380362
4945651
9907651
8750567
9919657
747000
8130882
8787862
3858764
8938294
1317600
8813727
9349684
9573662
1595826
8996435
5575850
6770741
6358733
718811
3027896
3826453
9187684
4423611
6509227
9470253
5483719
7931240
9377620
7768323
6270915
9781709
2778910
5305848
8792505
6091812
3357160
4076277
1317040
6834290
9435287
2425219
7668434
6584759
6311385
1591512
8185298
8553524
247266
6980027
3102856
6252135
414323
2917264
6531393
7999192
3482868
7776239
8117670
20266
4923632
130099
1778274
2709384
5300151
8702375
493196
2909235
2957793
4527338
7315580
6693667
8019944
3783847
3981136
7020110
5264952
5700486
1824385
7494336
52284
2289414
6226330
6614243
4964057
5101448
9972149
1091355
474607
7246827
9152991
9099048
3357980
2822700
6978560
844599
1877171
4907459
2413072
7887653
1142273
9569671
4512328
3009244
2367304
9833255
5482333
7913845
4117919
9611866
9855858
9120022
9917530
1838659
6708653
4610441
3469918
9491543
2053739
8884136
9075380
6159513
7688866
4653307
1764995
8856543
8031489
3038737
4615489
9224708
7508399
2893608
6856977
8984408
7128617
2046007
5335325
3159070
3285827
7906933
7416990
9344770
3560103
9508113
8194057
6794126
743760
5757227
7377964
6330722
8281924
7388618
3453159
5461936
2831215
1057958
9613204
6531286
3414715
7733972
2946489
2267255
7015983
2974242
9176200
2807624
5351826
2044372
901573
5056660
9745051
9293831
4612711
5940077
1604758
570434
7506994
4617738
9163778
8860153
9671738
6245283
6100593
1501806
463089
441734
5336792
4002345
9968406
2466923
4362456
6013981
6483811
4229130
5291454
7588643
9597661
9638147
1655278
3879590
1999928
1198637
688620
5758120
1843421
1230508
9489782
8833757
4530705
597699
2021219
4537241
3015363
9499230
7807176
8501250
896447
2612031
4373100
7820427
9990601
6058320
2308122
8547212
2555859
7842741
6084361
5852600
1170563
4913540
8556780
5160883
7304444
1553999
4809345
6654728
4850968
9843759
1285845
4828216
2404659
1514513
7920649
2699463
8656484
3936230
5568372
1563507
2860467
8511578
3409786
598085
6128622
5597458
3712704
9033232
6925838
8596324
1732027
1647543
8027357
8500399
1607339
1768262
9604682
7513473
5164439
2446028
8116978
9942273
1209118
8280034
2720103
5938050
4297146
1740281
1753364
9616631
1179371
2224388
8624890
5138123
9733982
2730700
720175
9720182
5354898
5311531
2902842
3901203
6929988
4781775
3368845
1689919
7160851
9989227
2032119
2898935
9324946
1546612
6896026
3160403
6802477
6399417
1938395
8478851
4089683
4626187
1299401
1589724
2223379
2588748
7442389
3446860
82211
9961154
4848423
9822376
1537447
4849470
1811505
8317632
2357456
4279946
299014
1490691
9688713
6448891
3379904
1383973
6235341
3836764
9633681
5955711
8537187
7601037
9101781
9363407
6412189
3820582
9178010
8883596
7589832
2740277
3232683
6095849
1337464
6447512
7722135
1419064
8521494
1457831
5853248
6809235
3826921
7360650
4575792
8444930
7064267
1789740
5655276
8583066
2042661
5447381
4289620
4731474
6262991
4572024
6186018
1368118
2755361
3483643
4386109
1125387
9421749
2266226
2360390
4119501
2517995
5756712
8462819
1735913
2258515
5202150
4997051
527349
1069788
7409735
5437398
8628070
4532365
5096927
1922043
5483896
2161426
638826
3632329
5396420
5021940
7833628
9748513
3434121
9709581
3642596
1037361
1392544
3587627
2543815
1299434
1827023
4683211
8959389
6605219
4366343
6915390
5895474
4756971
9534328
8247997
2290390
5171995
7883036
509547
664097
9586755
9453026
9508630
59343
5267022
4163834
362874
7464226
2171159
3230162
8340217
7338999
5704500
652666
1772521
179510
8734823
144713
2891990
2175855
3251343
1819886
5560043
5883350
8589841
7716497
7017057
1918697
903372
5219698
1074671
4411118
5879727
6219247
4318400
4170862
5812533
340005
4666979
7090872
6771538
9912511
9170506
7746061
7246214
3743172
2345439
1440110
3806130
9522018
3962994
7443477
4934571
8421014
3570874
7321215
7120722
7653420
9382048
3821770
6687101
5000177
9184225
6804144
2647396
8690195
7762864
1343585
4184418
8340442
5717307
927361
9855414
7121213
134029
1993248
8012718
2492249
8102574
1004500
8723031
4708129
5086199
7923613
5253707
5326229
7526775
9370015
811972
3494114
6703695
3518191
7976786
9680791
1747607
4413649
1904225
4423856
7536245
9163007
2147799
8061713
556707
5341833
1721129
2744294
5063972
6501167
7109516
5639769
7808785
4711685
6961901
9306820
2695483
9447653
7036039
7264123
983530
4113690
4192267
8569990
1065567
5738790
8949798
9686806
1951339
5018302
4055318
9259397
2800616
5046042
3382346
120776
3568416
3490373
8784767
7036557
3559875
3053028
1568904
9390852
2083147
167655
2317219
9392368
1576171
5898340
8099640
8453707
5393431
5958253
4409796
3734852
1678765
8671733
6231734
6288853
7993634
6602988
4063319
3319407
8920647
3446982
8385105
405647
791127
1873697
4877386
7891258
512964
6746175
2418961
2803529
5635612
807839
4012356
6242279
406430
5250523
9422291
9748008
5410360
2461689
507445
8014750
9818226
4434774
3631225
7112836
2992656
1932586
253695
9335754
1597476
2619645
2548644
2199489
9249715
7320885
853267
1657991
791209
5961674
4911863
4330339
6632495
2433136
5872473
820695
7783976
6878232
8463874
3454460
5130798
6320748
6971841
1964762
7619349
3839380
7259466
6741568
2054786
5415842
5490382
4629005
6731272
6424884
1142579
456111
8982138
8955539
1565159
2845645
8145770
7295724
1252370
1654396
6036253
630037
981448
495423
7348639
2658419
8096712
4467868
1246961
8178702
1758025
3263787
888551
9156864
9610263
2034457
9536506
4070709
3233179
7113079
840483
7369523
981628
5562753
8321498
7612674
9909328
3064297
3907718
7655444
9996069
1443318
8019050
9380428
7813676
1297638
4861614
9164258
7375375
5667288
7806279
603094
2745182
6037468
4858654
2584286
953523
1634320
627615
9289163
7007616
7425566
5165793
9460429
1620660
2731528
7897674
6719925
1470066
7692190
8487234
9262924
5512907
1188034
4461393
6218309
8341399
2865854
6432102
8803505
1686137
1970538
2355920
4842435
8265806
2645094
932495
2894480
890091
8817727
477321
5342945
9096409
538924
694546
9152255
9750003
5201689
1735661
2081946
2112753
4163195
2820846
4193633
5115944
3047701
8214306
7032744
1541034
2900993
5936020
4958547
9456973
9807215
1475799
3426605
8639624
6348020
3916287
7045667
9944771
7434111
9512485
3891327
8702099
1493767
9853592
2428686
5470047
2881520
8663052
2371709
9137414
5643345
9512709
488957
3918142
3963211
1470484
7562849
314721
5762987
6344606
7673615
8071115
8914089
515773
4881624
2371762
7332992
5798117
9240264
5963600
5467638
9604524
9522
5634315
1080391
7642895
7463441
7986539
8701745
6193008
539681
2379680
9867901
5493275
6397698
7805318
709609
4829010
5670039
2208527
1803839
1777878
8592417
1326505
3786649
5687860
7123083
1148323
269564
5579032
8528000
101261
235227
5544410
8220082
8560836
383697
4244582
8385661
8367769
2149725
6679691
8748588
2135193
2182852
5161947
6465716
9227916
693269
6737093
8777509
3877093
9611915
4326942
1221362
2181471
6084141
1916681
1629579
3061302
1998740
4863305
9471133
7925001
9015979
445522
6858633
1300613
1233504
7583741
2296059
3448097
7090451
4080687
8090051
3035546
3230326
503908
8392234
163560
719463
7083287
2479342
3454385
5639193
6877782
5944751
2909449
1671737
2788037
4825121
7098278
3897966
9845495
9855714
3816414
5080921
2673115
4732503
7257507
5148566
4022094
207045
9600992
1907527
1174069
5826236
5228930
4474030
3878513
7446907
1069778
3483804
5350609
5826025
4353348
1497038
6099470
9798026
8783573
3700960
8612273
7276354
3284349
9209418
3385889
9679846
1401103
2658710
1549361
6170032
7085913
55270
7428456
5182881
4077121
9109400
8931636
9210773
7116324
5806436
8574109
4535490
4593018
8853096
3641382
5989769
6913031
3478747
3230316
3990507
8629618
3049663
1869634
9380387
8102745
6434235
7773863
4574953
9692312
4248283
1219452
9191051
5475518
8010035
566992
6872423
9600366
711993
5904138
3867442
9435914
2478347
7334852
8063280
444568
6969226
6498833
2523039
5972736
8199305
7008867
1049505
9650876
1151008
1741109
5094125
3582439
4944294
2982002
825381
4982041
3716525
259758
4158185
7340346
1921008
6324726
641486
8708054
8174181
2085906
1607782
909980
7401739
1311686
3040142
7858411
2929630
5953704
5405636
5817473
2751016
4897758
3867461
7449146
7925162
4833376
824724
739041
7851767
5211140
7616309
4516208
2028021
3189965
6297701
5714666
1983549
4771541
1655084
9908229
7874176
1925045
1994516
4317119
2241558
8810104
656460
6613778
1200257
1577243
5099730
4246059
7285707
8365387
2928759
6729445
3934719
1921359
3043246
8067774
9519689
3195623
993868
2831044
4446695
8724117
4229120
6211723
4917638
8176095
7986269
5344439
2604577
3831174
7612339
8021516
6007595
2363245
5702710
1304220
3686899
8965931
9991732
7898213
8082017
1685717
9171997
2187108
2544024
506366
8101455
1528920
9394999
4095206
7075413
6381437
5163625
9651196
6014591
6381679
2216129
2896463
8639225
5153301
2291844
5333869
2015001
7140215
430582
4829258
6196236
6022753
7142027
8737049
2917339
8600136
7684955
2110626
3492666
4971319
1415018
1987615
1893940
157802
1173710
8137685
3872959
5040247
1975958
6882832
503839
9141518
5048624
9240428
8915074
2871172
5023390
1232763
5313934
1021030
7242828
7633290
5137298
840914
4413492
2941223
2553183
4908802
5159612
2312547
4750652
1982536
7474245
7689115
319474
1760299
2676436
610226
2870041
5198808
4128128
4250946
5548466
6901942
8792828
695231
2079592
9024830
6570215
3554069
1004581
6288411
6720321
1710176
3141042
1125597
5999090
5211168
5163080
2860909
5058769
2155988
5301959
8693653
9197192
3590468
4391611
5229290
4792272
5219646
9892382
805770
9990403
28745
815180
8595930
6084762
4708674
4941837
7840017
2190997
3568300
4050772
8289737
7771213
5654756
7413570
9231010
2522340
563116
344719
2253591
8841438
7363324
1480309
2000555
3316095
4548030
1840444
2088997
3738729
2296119
1698763
9015215
4702466
1911452
7563152
3040582
8423336
993305
4568226
3677105
9893219
3515087
1224362
6156332
5257830
2492353
7967111
1254343
4392029
1882308
1410906
615680
2019471
3638958
308554
1672148
6200956
7055563
7472784
2015472
9843220
7010037
9023276
9923045
7645863
3221250
7165589
3448376
2816283
8755603
7644225
3187096
5833583
4468370
509744
5417981
7479748
4972769
1165790
2434289
1038060
6423376
3833413
7805278
416617
3812323
1965392
6225027
8631295
667767
2374249
5447789
7470435
2032105
1237181
7727674
4885822
1288217
1274535
5816650
6452380
3600157
1238562
4995730
9330368
5616213
4668312
5161146
7765214
8257275
1801803
5275944
5644796
7236841
4751489
2906991
6756056
4980702
8894848
5414015
2200808
4587771
7737932
831770
7912678
5657403
524698
7799707
4351596
8156215
1537189
1307998
9823782
6596014
146163
2618129
3833009
2364930
4823525
1639992
4560491
144142
6331850
4845408
4886251
4659421
4773861
1703249
637354
4560865
1283330
2887963
8483242
4655556
9107848
8984400
633500
7127031
8239196
5790363
6276437
7014214
1192260
284752
644148
9184733
2999684
6418126
8341890
3955355
6955854
1482597
6707781
7706339
1090851
9142201
3069953
6671968
6562637
9507572
8480971
2741594
2682914
6712977
4639412
9151226
605094
4195559
4157447
8833355
787975
2124676
3069742
9347145
3038596
5263592
3332113
4008667
9274221
989007
836115
2346545
7887942
1280850
4635360
8552870
4509848
757717
1428293
5557841
5938320
7635520
807118
4430718
6173690
787533
715931
2242472
5686784
1780519
1765820
3619935
2745504
1884467
2004974
8889022
3365289
9027583
2797358
734905
1699471
6711605
5798782
1621505
6056173
7442379
4248103
6264458
1588849
4154292
1911859
5942789
1595216
5789535
2372183
1991862
2828864
7756101
5660506
52065
2961547
3066845
3079241
7498919
2910813
2363018
7311440
8460530
3234230
962237
3098814
3424690
2188398
5506644
2344310
6559654
7833797
8438034
9591185
4583778
6965590
8377413
4670985
1431809
4265806
1484292
7490489
5609305
8744169
2892485
9229143
6689932
4916258
6092895
3097821
1619547
6042823
9304834
2201528
8793180
8004096
392246
1109749
8601821
6756962
1931635
1987687
2212623
4019058
2127792
8870887
1257179
7064055
4571148
1212834
1010762
4579581
7232799
4603803
2474971
2356665
8093636
1248069
7446100
9355015
4420893
979042
1404891
8746204
2296389
8905188
6086015
881513
9913479
1558661
4975254
8863523
739224
7952652
7533989
9800087
1930167
492027
7912018
6384824
7083000
8290005
9453127
6849761
7854079
654693
6657037
6729095
1353065
2579392
3998700
7269185
1844410
2680902
7070882
3552718
8067927
5985165
9043467
1334574
5441742
6110918
4608047
7529817
1478516
1337780
8392287
247925
1990115
7081881
3494829
6762922
844864
2858380
6806468
4819722
862494
1134488
9400974
6685740
8505843
6498378
2705974
9225499
2027931
5586490
9935046
8767842
5450801
6132992
4052126
1992652
6806944
9772756
8756451
1013690
6374326
9305352
9653313
4471154
1417882
9032084
2274449
9075604
9775398
8098261
7068888
222960
3402565
1714374
1085764
7753055
2766665
5215522
382959
8421392
7663851
5720037
7271224
8634821
6935719
3261912
9788801
3704349
9194306
7608163
8412429
9224124
4612970
5318700
368657
6162954
4770667
5332454
3657648
9134275
9033266
8886656
2054890
7764079
2345110
2869751
5243548
7814358
4052213
8114753
742988
1214602
8299422
8219424
3411389
8751668
7204027
6112297
8157961
5988530
8344590
7774582
9980399
9032048
3803190
3326346
5304002
525195
8542071
2205107
4824430
4970761
9698588
181482
4285593
1694069
4633255
1199928
5772280
6653878
2938909
7183268
821345
265648
6567956
5606093
2794288
8087698
9282416
4259216
2318817
1427506
234156
4934590
2441815
8710372
6656164
5747273
748562
8728561
5243794
1019333
6249219
9874717
3423175
9916141
7748569
7544815
7823826
832501
3989519
2830781
1744465
813188
5226609
1290973
9934083
2122835
6993155
2279204
3140768
1882315
8590446
6931019
8766725
1101119
7403477
7447812
4350087
4038955
761659
8743691
2498853
7989187
5673966
438610
6694672
1830283
8265455
4132584
1097576
3298794
131663
5627361
8246400
1578685
6357674
3985431
7414244
2167236
1246123
4608351
6170121
692616
7011395
6775231
221787
684055
2819674
2060200
7394357
956778
2836141
9928897
242145
7515203
140899
5776678
7642642
1130333
7854687
9044506
5724019
6279692
8702502
7134369
1838962
3325506
5756237
3943880
3767710
9298806
1577427
3905855
1505365
2873626
4658588
6736604
5286718
9583128
4297886
5911212
3730521
5465286
785930
7228720
8252172
3044092
4347417
4734214
987412
6533867
305381
4315588
1574438
7069866
3260532
3084658
7216574
2912621
4214541
6411312
1317897
9493066
9080853
9610176
6736427
8725847
3931600
8380800
4279452
6872726
2603706
9378788
5059923
2655809
3001234
5955702
9255958
9743447
6326572
7407803
1835850
5857790
8462718
7438334
5869186
4585375
9777582
9107350
5164403
7571920
6165948
1622409
5589724
7846758
1532649
7725950
998604
1762744
8528552
1360850
184630
5640057
9251231
5339519
9749229
8591514
7287466
3560773
8228156
8723677
8214298
5532552
2965780
732366
70095
4509692
8250214
6686160
5785946
2673125
8496256
5674435
4179535
2634132
6213449
5927109
1425450
9284479
8883961
3845677
1658684
5503879
5615813
4198693
3112264
1102177
8310548
8892981
8447851
1448801
2747341
3761031
3900740
8150231
2266479
3176997
5027678
9586750
957679
9318332
2878218
8025953
2933304
6794482
1723158
4960822
9770139
6158906
3324422
5643281
175016
5722231
8240887
8653610
3569237
9474658
1752217
5591952
8384321
4261315
8788081
4530845
1946628
6877589
3613904
5929917
3919478
7087015
9314028
5822339
3775776
693713
3901899
9443732
1399421
4113830
5504793
7816075
3141348
9916811
2569810
9527170
6032275
4639832
9242439
5582389
8440150
1040973
9798672
4761743
4783134
7329949
1067102
8232033
4447965
8647470
4980241
4210805
8651327
8599025
3088545
711562
8870785
8502691
5625848
2407862
7146017
2787116
4093955
5196430
2504818
116862
1835695
1843636
4163977
2025097
9666583
8922014
156819
4710163
7717640
5383755
649065
9930533
6043496
9225923
26268
6195823
2483569
7992821
198518
5353171
8046414
115788
7163082
7133784
8733196
4086484
4203100
1369456
7815941
9748124
7790853
5522266
2009893
5601369
6482126
8091522
2575257
2327134
4359284
8345183
6427787
6337752
9226684
5673144
1098261
8757911
8902891
890578
330897
2316827
8573877
4645984
5450705
419354
2536941
4219457
2347660
4223752
3526308
3744489
5141638
5790796
2010154
5861369
5409768
7455922
2161798
1784964
3727093
1070292
2940504
4226668
2717701
5760179
7507205
2810529
1164678
7272262
7606403
9100276
771287
8472013
3900873
6918986
5877123
8524255
6374901
7048842
9236594
7560697
2040671
5953843
9631768
9128976
4828541
835577
2374652
1419921
7919535
9314937
6107115
7307053
5885880
9212777
8348829
2557550
9942175
6609545
7846327
8883547
2274686
6278959
4815384
6217275
5454017
8883555
1358050
7979992
3245616
328469
9871762
7345054
2490080
4595282
5273320
8327248
1464796
8560099
407757
9666488
6671374
7643819
4401252
8130142
598991
3995194
9727425
640891
8018541
4287993
4624723
7446086
9712792
1825619
9766217
680925
5957330
9565
6997313
6200783
3499809
9304911
6416783
7669335
1852481
8295605
9170297
3940888
2755922
2094628
5481645
8049339
77569
8542506
4940702
5494161
8261898
4469813
5580058
6020477
7531192
8544985
1839112
6193389
830738
1033788
2510492
9511794
2904124
8935074
1901993
3065314
2309182
3214458
6552363
9661788
1151092
9753714
1231873
9481649
9123446
6348805
605548
1343968
6169158
9591244
9631234
304315
483919
7941350
6843737
2417602
1699595
5553123
8871866
7872825
7134673
3830878
7956783
8152559
8939127
3509392
7442739
8844111
3491073
8536055
5741915
9143796
5340387
5706423
4268032
3829202
6019036
4021935
5645308
5503666
2492027
4241302
196411
1511199
9484945
344150
8669334
7968230
9764262
875721
9724455
5405384
5224752
5203672
942236
9398882
284257
575049
8075025
1189577
9922780
4922988
4229114
6682918
7836810
3529876
5913447
2034508
1872801
2205671
4741601
4918717
857831
3812798
6065072
6295006
7295306
3952503
9180723
7453593
7794785
2423414
6906501
2285444
8105424
5962461
9616667
5022001
5401234
9768653
511603
7713990
2110837
1674160
9108194
2472244
8409401
6649953
8368133
4071760
3687909
5382829
2957884
5152938
1732097
5139507
7815703
6332251
8212293
5966289
3302458
3249186
6912580
9164553
3301329
7753092
25814
1746056
6706087
2486128
293460
8294549
6090088
6147082
3409497
3922849
3276420
2839507
2881467
9414629
9491674
2797262
2560380
9515956
9389127
9265051
2527812
7824996
8155461
8733178
5496345
551176
9365814
2127792
4603649
7256576
6606451
9672148
4642149
9292942
2687571
8054676
440532
2506445
4494935
8319949
4380670
881481
4895157
5310450
132776
7550414
3185058
2813043
6374949
1862534
8239479
8958451
750708
9211850
1141435
5676179
486671
3200553
4491616
3598279
7549406
3671965
3593512
4340310
5845662
1132349
1441166
4775970
7966182
76384
8202072
1877224
6289580
646547
5458369
8945996
7802552
6087599
847641
5430141
1582362
6462381
2157555
6672123
6603151
288224
5268277
7938065
3610167
2040051
1254455
9071104
9798001
3815273
2791761
3670006
914697
5338271
5085217
5546423
2067644
5658718
7710692
1987922
5827737
2813931
1172814
9001028
1045601
5157587
2225835
8795617
4647036
7206274
9099303
2164800
5464412
4287736
4195229
7208928
3618884
676558
873207
495955
5298874
3856463
1265452
4283855
5374283
9279727
4378963
408951
7499723
8044450
6344355
2207398
6559110
3703180
5017577
6712455
735446
5464333
3463528
6754442
4131722
1913256
7833958
3749653
6698445
2728320
9754658
9903189
5365888
6285654
2025482
4617290
2433521
519702
3079168
976187
7872278
8207187
3006364
1480531
5860006
2182135
5315139
1356880
7818269
5608595
5587195
1795160
597784
6930216
2880293
2534043
1263540
871198
4607611
2736533
332738
2974618
678985
5806678
4177003
9896426
3866953
2196166
526300
8812943
7393865
6600780
7788416
9718055
6886938
3881427
7788209
1859269
6670281
7782824
7985573
5434347
5958071
7149265
1822353
75062
9712577
37374
4472539
6504658
8573884
4743398
1569753
6426242
6014308
6444198
9319935
7087224
3195012
1803615
9287772
1004068
4443527
8844803
6127117
5708127
1131525
8439040
1648847
2653178
2727742
2112170
9293244
8936676
7528975
8427036
8107407
9902661
8805297
2728951
6407192
7649119
1066813
2383451
6096945
6212762
7569307
8486367
7545587
8115175
6083875
569260
117605
3270532
8416156
4824775
7767659
8224524
8657024
2538874
693102
5734982
2657941
4426908
3449373
8091558
3363587
8182428
7853916
3326951
9971726
9684585
2243685
1212644
3823637
2959282
4107901
3534290
4168074
1305259
5642560
5346539
3728793
5071992
9672430
4047639
6921056
2369843
3463254
9117968
4763438
9043044
6757106
7548440
625663
7658859
49582
5665506
5593628
5545355
6774397
7725116
9680860
7929196
2220776
4187621
6371420
9302819
4681601
9294337
8126013
5963450
8471568
3934637
5558059
2462205
1145725
8361745
7943165
1574535
1718306
9210968
8615158
9669035
498616
9616562
1645724
1547708
3460293
2803814
4169640
5764168
2026977
4015612
86536
9444266
3934854
2394613
4341803
8364034
3531946
3344575
6232362
8676829
8183340
1125029
2374901
7356179
6656391
6498631
5094081
9970153
1169885
4534578
1209942
762365
9614615
1558498
3519303
5355044
3647691
458115
4173377
9871495
4482480
8137993