155
936
1868
2556
2878
3047
3584
5879
6858
6871
7554
10124
12126
12774
13221
14680
15710
16325
19932
20530
20777
20863
23076
23922
24306
25358
25472
29239
30864
31366
31421
33007
35086
36933
37006
38740
39115
39690
40141
40502
40571
40687
41518
43355
46673
47995
48934
49521
49803
50406
51428
51949
52934
53842
55834
57016
59601
60190
61723
62920
63981
64668
69578
70378
71798
72173
73768
74472
75372
75482
78237
78998
79502
81788
82433
82834
84342
85119
85152
87463
88978
90951
92562
93121
93462
95271
96403
99198
100268
103381
104693
107255
109513
110805
111069
111201
111754
111982
112174
113335
114610
115161
115593
116365
117205
120086
121681
124292
126719
127918
128349
128882
129335
129343
130672
131893
133487
135131
137677
138339
138433
139117
139875
140191
141844
144026
147684
148602
151187
152808
153091
153642
153891
156157
158393
158503
158877
159724
159917
160506
161419
161860
164343
164930
166019
166678
166781
167294
167376
168497
168736
168790
169080
169539
169577
170328
171938
171972
171976
173007
173370
173773
173897
174954
176181
176854
178262
179095
180659
180935
182537
183161
183283
187075
187302
188573
190160
190750
191122
191358
191693
195256
195849
196768
199684
199726
199771
199825
202372
203151
204591
206079
206237
206255
206674
207354
207441
209314
211363
212276
213650
213910
214217
215844
216214
216226
216862
218507
219093
219227
219251
219720
220840
220961
222070
222072
222925
223087
223900
224004
224800
226409
226566
227225
227460
227558
230893
232380
232448
232580
232630
232873
233939
235725
237858
238411
241092
241548
241813
242090
242707
243873
244743
245185
247067
247155
247398
247923
249010
250366
253114
253718
254628
255463
256935
258034
258444
259162
261605
262825
263282
265269
265577
266443
266915
268318
268913
269652
269777
273674
274630
275566
275899
276450
276559
277423
277491
278232
278638
278711
278886
279498
280196
281027
281218
281533
284559
286951
287121
287580
287772
290335
290381
290536
290538
291015
291196
292476
292553
293220
293367
294274
295624
295898
298860
300817
303701
304582
305214
305546
305721
306776
307397
307629
308650
308687
310222
312326
313203
313607
313939
314952
316179
316740
317916
319243
319421
319520
320192
320517
322944
323063
323526
324222
324746
325753
325968
330377
330827
331511
331538
332972
334761
335132
336293
339023
339240
339796
340934
341324
342265
342605
343568
344432
345456
346277
346384
347784
348586
349873
350519
350620
354620
355914
356736
357415
358354
359006
361420
361539
363664
363671
363971
364252
366675
368800
372574
372688
372979
374142
374793
377008
377298
378247
378844
379363
380852
384985
386602
386825
388457
390018
391587
393572
394967
395722
399343
400727
400759
404323
404591
404947
405131
405747
406077
406110
406219
408249
411517
411641
412967
414759
417017
417309
417384
418853
418887
419460
421989
423540
426997
430124
430471
432380
433830
435973
437096
438450
438640
438977
439134
440208
441193
442628
443003
443225
445047
445482
446411
446794
448663
448762
452201
452482
452491
453197
455266
457882
457989
458492
459801
460290
460455
461025
461133
462077
462930
463113
464753
468013
468301
468820
469167
471273
472947
474382
474561
474800
476639
480397
481771
482085
482199
483782
485066
486550
486957
488021
489621
489859
490318
490954
491232
491590
492120
492584
492701
493363
497091
497409
497784
498542
498856
499878
500516
500525
502508
503706
504525
506124
506587
507004
507586
508423
508577
508844
511832
512323
512570
514131
514940
515084
518576
520163
520325
521071
521449
521672
523282
524484
525337
525756
526606
526853
526901
527639
528488
530209
531821
532004
532582
533525
534253
534620
537434
537928
540031
540736
540776
541101
541706
542211
543602
544000
544043
545231
549639
550417
552142
552991
553249
553641
555832
555979
556458
558355
558622
560379
560709
561254
562570
562576
563949
564610
565712
565869
567254
567387
567789
567893
568475
569789
570929
571231
572972
577213
577501
578823
578944
580262
580391
580546
581352
583350
584426
585822
591247
591550
592151
592165
592227
593406
594968
596390
597014
598053
598384
599196
602337
602489
603170
604028
604459
605312
606198
607132
607494
611340
612961
613874
616246
619217
620518
621086
622041
624946
626200
626214
627063
627938
628193
628895
629536
630845
632205
632733
632922
633717
634513
634675
635208
635632
636846
637801
637921
638438
638628
639697
639766
639862
639886
640326
640462
640958
641763
641825
642162
644178
645025
645578
645689
646938
647155
648861
651059
652827
652831
653084
653871
654104
654441
654941
656142
656144
656470
657043
657553
658464
660077
661702
662142
662784
663283
663503
663801
664206
665121
666232
666774
668501
668913
670961
671322
672246
673665
673748
673944
674147
675142
675732
676472
677005
677193
677393
677586
679441
680173
681114
682920
683017
684142
684378
686208
688707
689071
689341
692154
692386
693616
693647
694163
694341
694977
695996
696283
696492
696955
697345
698063
698874
699688
700557
701962
702682
704456
705779
707283
707533
707756
708813
710185
710832
711932
714613
716546
716800
718152
720377
722157
722251
723239
723303
723894
724211
725084
725119
725990
726507
726813
726915
728069
728184
729994
730552
731475
732216
733417
733457
733718
734298
735968
736172
736298
737278
738085
738424
738618
740046
740477
743150
743341
743538
743750
745060
746023
746696
748004
748039
749114
750242
750785
751074
751866
752087
753163
755509
755986
756290
756715
757167
758280
759478
761127
762671
762779
763861
764051
765162
765865
766711
768962
771097
772113
772419
773407
773700
773827
773894
774040
774891
775938
775983
778447
778609
780034
781268
782909
783694
784066
784495
784739
785501
789517
789852
790816
791054
791887
793775
793837
794509
794796
797049
797810
798727
800325
800469
803289
804130
804545
805698
807887
809554
809868
812240
812811
812955
813989
814339
816365
816586
818703
820866
820976
821170
821598
822812
825580
828860
829032
829247
830103
831088
831153
831671
832093
832413
832660
834982
838455
838597
839327
839792
840753
841270
841591
843663
844432
844919
847089
848092
848364
851589
851796
852047
852653
853280
853364
854040
855001
855988
856255
856906
857175
858321
858914
859066
862252
863801
864169
864635
865482
866346
867572
867976
870235
872215
872270
872345
872567
872909
873084
875535
876502
877529
877749
877791
878332
878379
878455
879455
880945
881000
881257
881339
883802
886660
886953
887727
888170
888768
888942
894094
894812
895013
895595
895704
897779
898004
899824
900902
900929
901200
901821
904064
906652
907554
908958
909830
912009
915306
915992
916179
918409
918740
919660
922499
922626
923160
923819
925627
929608
930364
931382
931882
932383
932906
939020
940130
940922
941138
941741
942616
945369
945560
946425
946457
948160
950254
951177
951678
952089
952850
953012
953203
954089
958215
958646
959185
959189
960981
962436
962448
963124
963529
964934
966048
966705
969471
971725
973776
973913
974040
974644
975572
976378
980825
981930
984525
985670
985801
986975
987307
989764
990890
991177
992587
992816
993447
993704
993774
993846
995293
995372
996154
996399
996783
997215
997253
999493
999927
1002499
1003598
1004630
1005522
1005906
1007635
1009002
1009950
1010714
1010743
1010925
1013365
1015650
1016668
1018264
1018818
1019918
1020517
1020886
1023372
1024036
1026224
1026370
1026423
1030471
1032447
1032873
1033679
1036443
1036651
1038427
1039349
1040364
1041586
1042370
1043908
1044059
1044468
1044628
1045208
1046454
1047845
1048360
1048580
1049656
1051319
1051898
1051960
1052402
1054371
1055430
1055667
1057125
1057173
1058075
1059942
1060378
1060393
1062490
1063225
1063236
1067465
1071233
1071455
1076220
1076873
1080066
1083645
1083938
1084984
1085396
1086379
1087236
1088157
1089655
1089958
1090351
1090852
1091407
1091527
1091777
1092907
1095526
1095566
1096113
1096613
1097322
1100447
1101116
1101416
1101573
1101947
1103248
1103839
1104482
1105123
1105177
1105615
1107091
1107806
1108311
1108555
1109473
1109479
1110836
1111292
1111570
1113362
1116382
1118358
1122477
1123317
1123988
1124480
1126449
1126560
1127838
1130031
1131798
1132227
1134122
1134190
1134419
1134508
1135136
1136781
1137672
1138021
1138585
1140372
1141068
1141225
1141873
1141970
1142018
1143249
1143588
1144707
1147924
1150108
1150975
1153973
1154362
1154591
1156067
1156265
1156337
1157404
1160131
1162024
1162510
1162844
1163417
1164225
1164382
1166389
1167377
1168310
1170310
1170596
1171387
1172033
1173845
1174028
1175569
1175761
1176108
1178535
1179147
1179608
1179908
1181704
1184045
1184151
1184465
1184740
1186388
1186694
1189855
1190374
1190689
1191529
1192237
1195054
1195528
1199783
1201207
1201265
1202189
1202410
1202523
1203815
1204294
1205307
1205455
1206450
1206636
1208095
1208357
1210614
1210829
1211267
1211737
1212574
1213678
1214207
1215982
1217341
1218367
1219416
1219564
1220763
1221313
1221510
1221570
1226545
1226982
1228903
1229169
1232112
1232603
1232956
1233522
1235286
1240691
1241213
1242947
1243098
1245173
1245266
1245933
1248188
1251147
1251733
1255051
1255861
1256615
1256905
1260664
1261863
1261958
1262414
1264729
1265011
1267323
1267420
1268745
1268760
1269410
1269581
1269669
1270419
1272031
1274279
1274780
1274934
1275624
1275770
1276624
1278043
1278780
1279084
1279184
1280126
1280704
1281564
1282292
1282777
1285065
1285534
1286859
1287533
1289211
1289235
1289967
1290266
1291709
1291808
1291942
1292286
1292907
1293458
1293631
1294443
1297083
1297367
1298210
1298230
1298368
1299310
1299802
1300717
1300879
1301443
1301775
1302185
1303709
1306292
1306508
1307526
1307682
1307775
1308651
1308986
1309216
1311741
1311896
1312437
1312976
1313240
1314947
1315403
1315716
1315772
1315838
1316263
1317247
1321315
1322991
1323623
1324532
1325780
1326383
1326941
1327560
1329521
1329733
1330571
1330657
1331263
1331887
1332149
1332967
1334502
1335440
1338669
1338707
1339946
1340283
1340743
1342736
1342967
1343423
1343502
1344033
1344100
1344587
1344738
1348353
1349931
1351515
1352195
1353577
1354930
1355679
1357421
1359007
1359360
1359363
1359510
1360039
1360139
1360350
1360526
1360812
1360823
1361042
1361731
1362282
1362605
1366379
1367210
1368706
1371090
1371622
1372600
1375302
1376057
1377558
1378612
1379361
1379402
1380018
1380427
1381748
1383188
1383716
1384444
1385569
1385708
1385890
1386337
1386474
1386911
1388941
1389437
1390439
1394548
1396493
1396824
1398093
1398157
1398873
1398967
1399102
1399141
1400193
1400683
1400704
1401668
1401968
1402431
1402921
1405310
1405765
1405788
1407492
1407955
1408459
1411453
1411526
1411808
1413321
1414276
1416571
1417901
1421477
1421759
1423663
1423721
1424028
1425351
1425882
1430686
1431785
1432024
1432179
1434676
1435220
1438243
1440097
1440601
1440620
1441567
1443721
1445310
1446043
1446840
1447211
1447377
1447718
1448045
1449654
1450459
1450774
1450923
1454448
1455208
1455255
1455301
1456963
1456984
1457006
1458442
1460590
1461511
1461662
1462010
1462047
1462508
1463530
1463836
1464085
1465500
1466489
1466823
1467638
1467844
1469232
1471972
1472523
1472548
1472664
1474518
1475358
1475637
1475946
1476596
1476606
1479487
1481043
1484465
1484678
1485261
1485968
1486291
1486554
1489073
1489435
1489545
1493146
1493413
1493476
1493615
1495242
1495962
1496345
1497528
1498615
1499967
1502548
1502640
1502822
1503253
1504481
1504855
1507175
1507383
1507746
1508976
1509161
1509519
1512698
1512759
1515116
1518377
1518559
1520375
1520499
1521286
1522792
1523117
1524749
1526347
1526612
1527180
1527558
1529406
1529676
1530913
1531118
1531740
1532212
1536442
1536910
1536921
1537236
1537804
1539136
1540333
1541631
1542568
1544155
1544638
1545105
1545109
1545609
1546518
1548858
1549117
1549340
1555839
1556223
1556926
1557713
1559071
1562298
1565167
1565968
1566389
1567264
1567312
1568094
1568766
1569705
1569923
1575059
1578560
1578717
1579377
1581613
1581723
1581794
1583472
1583606
1583763
1584445
1584507
1584581
1585771
1586308
1586434
1586571
1590390
1590421
1594351
1594435
1595260
1599274
1599836
1603310
1603589
1604025
1605474
1607285
1607784
1608654
1609689
1611115
1616048
1616924
1619441
1619951
1621160
1621229
1621254
1621635
1622325
1623859
1623986
1625621
1625692
1627621
1627869
1628435
1628973
1630498
1633861
1634006
1634169
1634862
1635232
1635442
1637667
1640487
1640889
1642904
1643013
1643469
1643959
1644138
1644362
1648566
1648582
1649786
1649823
1650678
1650969
1652439
1652865
1653900
1656875
1657128
1657698
1659077
1660103
1660194
1660465
1661583
1661588
1662014
1662236
1662841
1664012
1664773
1664825
1665232
1665325
1665531
1665577
1666115
1666479
1668331
1669964
1670913
1671975
1673596
1677002
1677652
1678928
1679453
1680545
1681233
1683338
1685356
1685423
1688739
1689676
1690002
1690098
1691041
1692788
1693450
1694014
1694748
1696290
1696839
1697364
1697955
1698556
1698578
1698699
1700182
1700343
1701106
1701151
1701970
1704349
1704464
1704517
1704836
1705623
1707391
1708762
1710723
1711255
1712332
1713011
1714397
1714906
1715271
1715430
1715599
1716110
1717683
1717881
1718382
1719846
1721077
1721733
1721785
1722345
1723275
1724340
1724390
1725283
1725945
1729497
1730885
1731762
1733633
1734040
1737209
1738083
1739447
1743161
1743657
1743740
1744777
1744873
1744946
1746957
1747921
1749313
1749426
1750698
1752732
1755692
1756741
1757210
1757862
1758473
1758858
1761472
1761749
1762000
1762789
1763797
1765852
1765972
1766195
1767277
1768291
1768314
1770007
1772552
1773675
1777340
1777958
1778392
1779491
1781279
1781801
1781959
1782365
1784936
1785819
1785945
1786018
1786485
1786577
1788386
1788468
1789370
1791141
1791270
1791498
1791643
1791745
1792085
1794620
1796910
1796990
1798105
1799745
1800576
1801244
1803575
1804509
1805297
1806299
1806554
1807401
1812022
1813651
1814677
1815397
1815510
1815578
1815926
1816513
1816972
1817156
1819646
1820297
1823082
1823089
1824096
1825809
1826122
1826166
1827411
1829692
1829845
1832449
1833293
1833404
1833438
1833739
1833827
1834196
1834460
1835377
1836930
1836932
1837044
1837982
1840229
1840330
1840349
1842379
1844323
1845343
1846445
1847199
1847282
1847304
1847325
1847403
1847972
1848458
1848630
1851148
1851196
1852830
1853314
1853878
1854154
1854524
1854960
1855829
1858020
1859020
1860493
1862771
1866424
1867820
1871396
1874073
1874304
1875081
1875555
1875889
1876902
1878014
1878139
1878167
1880073
1880283
1881001
1881913
1883888
1885667
1886425
1889004
1889367
1891068
1892932
1893792
1894274
1894928
1894995
1895220
1896457
1897537
1898119
1898532
1899070
1900842
1901237
1902393
1903620
1906441
1910273
1913779
1914314
1918020
1919674
1921466
1923752
1924813
1925007
1925881
1926504
1926854
1927685
1927795
1931957
1932829
1933255
1933438
1933532
1935458
1935981
1937233
1939119
1940774
1943119
1944007
1944312
1946111
1946556
1947323
1947540
1948623
1948944
1949207
1949655
1949770
1950043
1950139
1951080
1951420
1952659
1952878
1953986
1956892
1958531
1959369
1959806
1962366
1962517
1962577
1966369
1966650
1967244
1967433
1968046
1968409
1968412
1969224
1969447
1972074
1973778
1973927
1974259
1978605
1979470
1980056
1981620
1982156
1983783
1983869
1986637
1989625
1989816
1990589
1996391
1997786
1999831
1999873
2002475
2003221
2003287
2003524
2003960
2005371
2007514
2008199
2011467
2012640
2012810
2019026
2021151
2021887
2022655
2023475
2023608
2025134
2025272
2025756
2026669
2027165
2028342
2028906
2029023
2031175
2031226
2032896
2033201
2033391
2034273
2035842
2038325
2040139
2041433
2041719
2042367
2042622
2044187
2045230
2046047
2047449
2047482
2048685
2050094
2050845
2051305
2052491
2053275
2053454
2053463
2055368
2056061
2056713
2057227
2057604
2058019
2060758
2060815
2061788
2062359
2063352
2063854
2064421
2065753
2066490
2066731
2066988
2067817
2068082
2068865
2068918
2069512
2071750
2072638
2072806
2074157
2074202
2074307
2076464
2077768
2081281
2082564
2083722
2084026
2086923
2087238
2087926
2087989
2088520
2089012
2089537
2089865
2095930
2096649
2098728
2098883
2099407
2099700
2100638
2101175
2101954
2102208
2103542
2103575
2103837
2104098
2105842
2108179
2108271
2108922
2109505
2110603
2114627
2117867
2118099
2120006
2120280
2122143
2122388
2122626
2124213
2125305
2125474
2126393
2127187
2128072
2129061
2132448
2132975
2134637
2135129
2139104
2139469
2139759
2140390
2141372
2141665
2142621
2142655
2144256
2145174
2145626
2145851
2146070
2146497
2148213
2149493
2150087
2151929
2152704
2154650
2154959
2155771
2156699
2158237
2158460
2159370
2160401
2161394
2162393
2164040
2165378
2165827
2169623
2170702
2171080
2172423
2172799
2174001
2174095
2176686
2177977
2178109
2178456
2181384
2182610
2183141
2183176
2183454
2184994
2184999
2185565
2186093
2186510
2188027
2189122
2189226
2191970
2192538
2195791
2196011
2197546
2197575
2198094
2198618
2198752
2200294
2200694
2201518
2202984
2203449
2203854
2203971
2206608
2206641
2207557
2209239
2209906
2211007
2212153
2212880
2213532
2213757
2214202
2215018
2216959
2217056
2217985
2218579
2220576
2221064
2222264
2222269
2225054
2225618
2228389
2228954
2229372
2229978
2230388
2231436
2232917
2233057
2233111
2233405
2233963
2235242
2235331
2237614
2238167
2238450
2239125
2239770
2242114
2242682
2243021
2243112
2243932
2244731
2246223
2246532
2247440
2247910
2247969
2249064
2249550
2250510
2252417
2253004
2253035
2253891
2255345
2256738
2257240
2257319
2258563
2259403
2259520
2259556
2260482
2262654
2262678
2264051
2265144
2265257
2267092
2268570
2269397
2271218
2271378
2271813
2271844
2273381
2273402
2274084
2274864
2275496
2275573
2275904
2275904
2276897
2276966
2278294
2278700
2280507
2282193
2283204
2283379
2284368
2284493
2284679
2285705
2285938
2287677
2289690
2290864
2291886
2293103
2293954
2296581
2296615
2297022
2297149
2297957
2299399
2302737
2302852
2303189
2304755
2307498
2307591
2308053
2310440
2313667
2314155
2314898
2315916
2316632
2317243
2317935
2318569
2318712
2318823
2320865
2321377
2322620
2322693
2322702
2322922
2323666
2324092
2325535
2325984
2330878
2332024
2333044
2334840
2335203
2335360
2335959
2336563
2337606
2339055
2339163
2340209
2341069
2342844
2343482
2344839
2345036
2346292
2347649
2349260
2349750
2351015
2351132
2351721
2351927
2353160
2353351
2353362
2353745
2357963
2359229
2359260
2360781
2361775
2363839
2365338
2366186
2367715
2369450
2369527
2369807
2369997
2372255
2372332
2372874
2376040
2376455
2376688
2378053
2378589
2379205
2379862
2380467
2381564
2382126
2382278
2382300
2383295
2384574
2384875
2385544
2388713
2389348
2390507
2390899
2391156
2392468
2393158
2394397
2397169
2397529
2397783
2398101
2398644
2399125
2399874
2400790
2405037
2405233
2407436
2409505
2411950
2411982
2412083
2412175
2413155
2413542
2415832
2415986
2416731
2417021
2417110
2417352
2418153
2418864
2420341
2422082
2422570
2423104
2423505
2424104
2424928
2427211
2428511
2428835
2432089
2432354
2432524
2436462
2437234
2437379
2440240
2440666
2441073
2443502
2444226
2444559
2445662
2446767
2446900
2447417
2450144
2450337
2450742
2451420
2451672
2451726
2451826
2453824
2454108
2455775
2457229
2457596
2457790
2457917
2459086
2459409
2464604
2466344
2467959
2468240
2472824
2474910
2475270
2476093
2476926
2477828
2478640
2478956
2481321
2481726
2482088
2482893
2485150
2485215
2485760
2486343
2488187
2488618
2490510
2493084
2496170
2496494
2497954
2498345
2498874
2499845
2500701
2501026
2502137
2502336
2504513
2505096
2505671
2505871
2506816
2508422
2512409
2512998
2513324
2515449
2516029
2516825
2518042
2519145
2519659
2520130
2521255
2522429
2524414
2524519
2524635
2525263
2525491
2525802
2526954
2527114
2528483
2529110
2529446
2529785
2530294
2530295
2531036
2533782
2534082
2534612
2534919
2537623
2538244
2539667
2540915
2542453
2543982
2544516
2545481
2545933
2545987
2547614
2547654
2547832
2548288
2548723
2548782
2550338
2552176
2552267
2552393
2553143
2553855
2554704
2555001
2555910
2556645
2556837
2557421
2560109
2561050
2561245
2561451
2562421
2562549
2562719
2564146
2564205
2565715
2566960
2568721
2569710
2570132
2570871
2571011
2571776
2576680
2577089
2578181
2578917
2579684
2579988
2580180
2580705
2581743
2584392
2584757
2585473
2586544
2586746
2586765
2587779
2588748
2590989
2591243
2594535
2595489
2595537
2595665
2596120
2596318
2597989
2598839
2600387
2601791
2602107
2602192
2602448
2603366
2603782
2603912
2604320
2607614
2608268
2608720
2609926
2610678
2611103
2611557
2611890
2612256
2616289
2617935
2621917
2622228
2624195
2624358
2625757
2627698
2628152
2628171
2628581
2628678
2629385
2631903
2632049
2632619
2635160
2635902
2636933
2639091
2640579
2641540
2641573
2642169
2642953
2643090
2643367
2643692
2647110
2649027
2650562
2651506
2652166
2653052
2653220
2655997
2657575
2657625
2657649
2659920
2661365
2662164
2662271
2663873
2664281
2667552
2668778
2669200
2673580
2676295
2677828
2680077
2680310
2680970
2682054
2683398
2685894
2686647
2688164
2690893
2691169
2692563
2692720
2693298
2693587
2694674
2696579
2698247
2698679
2702355
2702423
2702440
2702481
2703079
2704691
2704828
2706410
2706453
2708450
2710862
2711458
2711792
2712990
2714080
2714318
2714742
2716280
2722113
2723101
2724358
2728648
2728964
2729003
2729205
2729997
2730669
2730873
2731140
2731486
2731683
2731929
2736080
2736745
2737806
2738771
2743957
2744068
2744873
2745452
2746655
2749162
2749812
2750504
2750517
2751352
2753280
2754388
2755790
2755859
2756351
2757998
2760132
2761503
2763617
2764319
2768286
2769276
2769368
2769459
2770595
2772516
2777227
2777342
2778648
2779344
2783744
2785355
2786156
2787244
2788707
2789070
2789091
2790120
2791681
2792808
2793322
2799184
2799476
2800668
2801144
2803120
2803821
2806030
2806141
2807232
2807642
2807667
2807719
2807823
2807905
2809872
2810887
2812486
2813800
2814097
2815657
2817131
2818333
2820658
2820722
2820780
2821241
2823200
2823277
2823996
2824540
2825579
2826132
2826912
2827400
2828322
2828480
2828550
2829401
2829976
2830385
2830581
2831043
2831952
2833347
2837206
2837527
2838110
2839086
2839958
2840128
2840324
2840673
2841800
2846034
2846566
2847928
2848668
2848994
2849243
2850975
2851247
2851671
2851835
2852650
2853521
2857038
2857110
2858946
2859037
2860602
2868224
2868981
2869148
2870114
2870442
2871050
2872384
2872397
2873093
2874287
2875168
2875427
2877720
2877982
2878468
2878597
2879184
2879447
2879932
2880413
2880492
2880736
2881806
2883670
2883977
2885702
2886941
2891096
2891103
2891195
2893240
2894398
2894499
2894554
2894660
2895681
2896668
2897667
2898906
2900037
2902566
2902897
2903104
2903132
2903604
2903971
2905245
2907077
2908485
2909152
2910724
2913421
2913652
2913889
2913917
2914189
2914365
2916356
2919030
2920940
2921308
2921866
2922733
2923003
2924264
2926198
2927617
2927773
2928111
2930826
2931209
2931241
2931409
2931626
2933065
2933844
2934309
2934366
2936168
2936262
2936287
2938040
2938730
2940009
2941451
2941495
2943907
2947588
2947811
2949575
2950101
2950435
2952816
2953026
2953855
2954932
2955593
2957910
2959796
2959963
2959967
2960226
2961391
2961752
2965753
2966610
2966674
2966701
2966806
2967087
2969085
2969290
2970177
2970532
2971435
2973699
2977641
2978382
2979635
2980830
2980924
2981700
2982037
2983254
2983538
2983665
2984784
2984914
2985084
2986185
2986744
2988060
2989312
2989678
2992988
2993120
2994269
2995386
2996664
2996934
2997294
2997407
2997454
2997505
2999760
3000385
3001153
3001630
3002892
3003180
3003393
3004584
3004707
3004862
3004963
3006343
3009185
3009479
3010415
3010897
3010983
3011310
3013279
3013991
3015198
3015442
3015611
3016256
3018026
3018368
3019787
3023415
3024054
3024634
3026274
3029395
3029935
3031553
3032192
3032528
3032738
3032878
3034221
3034573
3034587
3035776
3036616
3037377
3037744
3038026
3040263
3040747
3041249
3044065
3044362
3044460
3044771
3046831
3047129
3048770
3049025
3049640
3050819
3051015
3052174
3052851
3053248
3054365
3054631
3055659
3057165
3057209
3058435
3058566
3058591
3058621
3058884
3059509
3062110
3062725
3063090
3063602
3065308
3066279
3066521
3068966
3070534
3071014
3071107
3071956
3072108
3072287
3072750
3073193
3074804
3075583
3076236
3076888
3077409
3077700
3078698
3079279
3079990
3080723
3080991
3081351
3082224
3082451
3083483
3086004
3086992
3087155
3090045
3090834
3091099
3092184
3092429
3092565
3094273
3095858
3096335
3096506
3096994
3097725
3099961
3101704
3101778
3102161
3103728
3103893
3105265
3105624
3107697
3107817
3109846
3110311
3110451
3111803
3112885
3114246
3116119
3117339
3117860
3119420
3122641
3126247
3126474
3128595
3131046
3133398
3133968
3137194
3140894
3141310
3141988
3142808
3143428
3144910
3145908
3146088
3150187
3150280
3151033
3151049
3151610
3153229
3153397
3154158
3156562
3156675
3157058
3157814
3159630
3161641
3162551
3163013
3164265
3166344
3166533
3169893
3170894
3171115
3173355
3173467
3174231
3175587
3177114
3177514
3178227
3180097
3180930
3181230
3182005
3183394
3184932
3185654
3186470
3189944
3190282
3191248
3191324
3192976
3193442
3199652
3200700
3202277
3204697
3204994
3205009
3207829
3209041
3209493
3209873
3210921
3211727
3211800
3213430
3214113
3214471
3214699
3214801
3214824
3215562
3216021
3216864
3216995
3217046
3219088
3221229
3221476
3221929
3222196
3222635
3223606
3223677
3224090
3225045
3225239
3226280
3227117
3227578
3229435
3229821
3229864
3230775
3231444
3232137
3232274
3233583
3235062
3236555
3237586
3239344
3239449
3240647
3243163
3243401
3243533
3245647
3247020
3247328
3247341
3247422
3248240
3249831
3250222
3250801
3251397
3251594
3251606
3251723
3254050
3254447
3255344
3255501
3256910
3257326
3257665
3258194
3260384
3265286
3266088
3266932
3267132
3268175
3268241
3270381
3270525
3271814
3272736
3274441
3274736
3275007
3275325
3275900
3276146
3276306
3281427
3281561
3282383
3284305
3284821
3285277
3288871
3289338
3290055
3290368
3291569
3293636
3295317
3299343
3299439
3304413
3304509
3304841
3304935
3305570
3306387
3306436
3307321
3307775
3308092
3309032
3310901
3311403
3311422
3312440
3312517
3313340
3314696
3315877
3317271
3317746
3318100
3318189
3318372
3320076
3320152
3322293
3322413
3322562
3323297
3324209
3324852
3325569
3325806
3326005
3326090
3327764
3328157
3328477
3329204
3330474
3330699
3330766
3331820
3331843
3332001
3332367
3332731
3333573
3333885
3334268
3336424
3337195
3337349
3337805
3337864
3338460
3340334
3342001
3342476
3343047
3343817
3344298
3345782
3347682
3348419
3348431
3352056
3352657
3356309
3357803
3359021
3359023
3359475
3360098
3362023
3362734
3363689
3364570
3364675
3366230
3367143
3367961
3368130
3368440
3371494
3371672
3372334
3372501
3373039
3373442
3374147
3374541
3374915
3376267
3377014
3377777
3378177
3378442
3378865
3380036
3380945
3383654
3383938
3384495
3386148
3387129
3389976
3392368
3392723
3393087
3394930
3394983
3396956
3397152
3400639
3401846
3402235
3402267
3402500
3403089
3404069
3404383
3404386
3404923
3405128
3405709
3406236
3406391
3407702
3408205
3408291
3408520
3408741
3409033
3411460
3413445
3414469
3414886
3415215
3415827
3416139
3416974
3417011
3417245
3417668
3417746
3418467
3421016
3421576
3423056
3424321
3426416
3426616
3426806
3427054
3428086
3428846
3429901
3430958
3431113
3432104
3435651
3436528
3438819
3440080
3440334
3441882
3442002
3443186
3443909
3445178
3445242
3445849
3449822
3450325
3450785
3453332
3453923
3454444
3458929
3458975
3459112
3459198
3459616
3460282
3461660
3463427
3464582
3465850
3466226
3466853
3467929
3468073
3469234
3469585
3469965
3472068
3473401
3475205
3476318
3476685
3477052
3477576
3478294
3478532
3478589
3482104
3482369
3482918
3483483
3484001
3485033
3485637
3485801
3485853
3486932
3487519
3488605
3488965
3489138
3490166
3490431
3491453
3492417
3494949
3495808
3498076
3498097
3498716
3499032
3500887
3501118
3501710
3502461
3506522
3506702
3507125
3507398
3507722
3507890
3508070
3510078
3512139
3512917
3513836
3514150
3515123
3516712
3517895
3518705
3519460
3520178
3521232
3522336
3524626
3526157
3526868
3529014
3530168
3531920
3532939
3534566
3535147
3535290
3536465
3536581
3538129
3539024
3539118
3540604
3541109
3541192
3542612
3542830
3544093
3547417
3548863
3548912
3552050
3552515
3553688
3553879
3554044
3555560
3557075
3557763
3558205
3560961
3561604
3562055
3563549
3566478
3567164
3567841
3568311
3573440
3573504
3574066
3574170
3575151
3576059
3577628
3579537
3581618
3583067
3584713
3585231
3587021
3587442
3587532
3588187
3589267
3589328
3591444
3591640
3591842
3594007
3595557
3597813
3598783
3598932
3599299
3599306
3600623
3600842
3600964
3604280
3604426
3605648
3605754
3606861
3607894
3609243
3609493
3610078
3611759
3615743
3617728
3619078
3620184
3620356
3621811
3625337
3627173
3629474
3630376
3631043
3633213
3633813
3634110
3634471
3635780
3636268
3636328
3636333
3637582
3638326
3639364
3640627
3641061
3641162
3641502
3643118
3643298
3643708
3643914
3646226
3646318
3648061
3649034
3649403
3649873
3651086
3652720
3653096
3653354
3655510
3658557
3659371
3660052
3662747
3663441
3665505
3666158
3666343
3670346
3670976
3671049
3671144
3672165
3675245
3675436
3676328
3678269
3678514
3679025
3679330
3679481
3680196
3681173
3681362
3683534
3684574
3685231
3685606
3687681
3687843
3688106
3688577
3688812
3689864
3690143
3690806
3692453
3694779
3696449
3697375
3697944
3699360
3700052
3701865
3702124
3703845
3703916
3704228
3704743
3705618
3705721
3705788
3706635
3709296
3710366
3710946
3710990
3712582
3713117
3713300
3713972
3714437
3714665
3715276
3715485
3715828
3717760
3718090
3718509
3719535
3721881
3723044
3723128
3724324
3727045
3727787
3728359
3728870
3729905
3730646
3734218
3735086
3736547
3737289
3737787
3740140
3742230
3742440
3745248
3746900
3747463
3748162
3748913
3749046
3749176
3749459
3749805
3750351
3750387
3752265
3752901
3753046
3754192
3756339
3757142
3757569
3759256
3763305
3763921
3765792
3766276
3766689
3767644
3768082
3768843
3769072
3769430
3770741
3771723
3772593
3772878
3773153
3773403
3773774
3773877
3776325
3777725
3777853
3779210
3779220
3779308
3782755
3785302
3787431
3788000
3790420
3796585
3797145
3797774
3799075
3799150
3799170
3800402
3800467
3801635
3803014
3805108
3805859
3806851
3807819
3807934
3808033
3808256
3812756
3813566
3814623
3817803
3818390
3821024
3823201
3823465
3825934
3826448
3828226
3828329
3828677
3829814
3830353
3830750
3831160
3832328
3832946
3833541
3836258
3838888
3839759
3840465
3840887
3842414
3842696
3842714
3842774
3844643
3845290
3847251
3847410
3848270
3848841
3850319
3850534
3851624
3852188
3852554
3852599
3853199
3854616
3854982
3855307
3856230
3856734
3864142
3864335
3865453
3865800
3868244
3870841
3871812
3873248
3874227
3874815
3880154
3881396
3882085
3882598
3882789
3883674
3885304
3886098
3886781
3887115
3890620
3891657
3893578
3893797
3894040
3895044
3895363
3897543
3899093
3900750
3900790
3901462
3903015
3903648
3904383
3904806
3905121
3905350
3905359
3908368
3908564
3909001
3909776
3910198
3911981
3912756
3914695
3914946
3915386
3915866
3916434
3918812
3919010
3919873
3922136
3923203
3924846
3925259
3927394
3927583
3928529
3929635
3929977
3930638
3931169
3932574
3934088
3934201
3934703
3934859
3936459
3939134
3939620
3941981
3943667
3944291
3944701
3945791
3947095
3947470
3947588
3947842
3949597
3950408
3950712
3950824
3952888
3958035
3958251
3959071
3959236
3959576
3960669
3961508
3962040
3963556
3964409
3965244
3966753
3968660
3969028
3969430
3969931
3970056
3970916
3972016
3973850
3973955
3975771
3975873
3976172
3977152
3977288
3977460
3980057
3980449
3980580
3982443
3984205
3984403
3986192
3987522
3989485
3989788
3990230
3992351
3992856
3993252
3993796
3994371
3994526
3994867
3995350
3997628
3998059
3999128
3999947
4007541
4008255
4008489
4008664
4008711
4008770
4008793
4008819
4010034
4010636
4011411
4013784
4014749
4015524
4015647
4016708
4018867
4019395
4019788
4021665
4022949
4023078
4023950
4024048
4025579
4028257
4028266
4028419
4028603
4028620
4029193
4029238
4029764
4030118
4031358
4031709
4036155
4039375
4040511
4045021
4047066
4048381
4049014
4051680
4053065
4053131
4053159
4053607
4053953
4054020
4054435
4054858
4055857
4058764
4058874
4059173
4059371
4061007
4063581
4065500
4067748
4067787
4069556
4069704
4071654
4072764
4072780
4073926
4075553
4076555
4076885
4077017
4077313
4077315
4077401
4078226
4078355
4079338
4080164
4081464
4081584
4082752
4083720
4084831
4085583
4086373
4086745
4087345
4087977
4089956
4090671
4091627
4093178
4093645
4094401
4094432
4095586
4095625
4095696
4096503
4097459
4097879
4098033
4098552
4098644
4101368
4102029
4103361
4103894
4106276
4106779
4107388
4107799
4110000
4111507
4112800
4113145
4113430
4118229
4120143
4120670
4121059
4122580
4123591
4125184
4128246
4128372
4129669
4132939
4133161
4133175
4134131
4134678
4135558
4135602
4136006
4141289
4141336
4141412
4142400
4142730
4143322
4143576
4143798
4145471
4146312
4146621
4146708
4147019
4147904
4150289
4150622
4150675
4150900
4151411
4151675
4151755
4152897
4153977
4154184
4154241
4154795
4155484
4157181
4158520
4159506
4159673
4160056
4160260
4160466
4161268
4161381
4161512
4163992
4164437
4164545
4165522
4165759
4166398
4166596
4168205
4168583
4168793
4168894
4169046
4169293
4169791
4170074
4172580
4179052
4181887
4182287
4183923
4184731
4185166
4185924
4186129
4186774
4193771
4194083
4195971
4200087
4201302
4201623
4202805
4203375
4205232
4205278
4205425
4206441
4206716
4209155
4209222
4209927
4210520
4210540
4210914
4211665
4212907
4213574
4213769
4214289
4215343
4215423
4217153
4217798
4218508
4218867
4219030
4219452
4220026
4220482
4221090
4221549
4221733
4224444
4224908
4225342
4228125
4228557
4233033
4233450
4234858
4235681
4235817
4236737
4240461
4240701
4241107
4241225
4242051
4243765
4245700
4246796
4247861
4248655
4249367
4250051
4250893
4251402
4253304
4253859
4256077
4257459
4258001
4260718
4262106
4263981
4264497
4265258
4265285
4265436
4265453
4266769
4268333
4268763
4272398
4273595
4273969
4275803
4276069
4276203
4276865
4278295
4278604
4279603
4280559
4280744
4281084
4282871
4284222
4286751
4287773
4288185
4288748
4289888
4291345
4291412
4291560
4292463
4293418
4293549
4293888
4295442
4295580
4295844
4297792
4299016
4300214
4301093
4303837
4304325
4304607
4305095
4305498
4306551
4309258
4309348
4310044
4310152
4311559
4314268
4315480
4316140
4316986
4318716
4318820
4319527
4319677
4319916
4320914
4321091
4321104
4323641
4323927
4324337
4325326
4325839
4327472
4333390
4334418
4335057
4335602
4336366
4337670
4337959
4339043
4339734
4340982
4342416
4345845
4347754
4348693
4349031
4352535
4352561
4353122
4356840
4357807
4358563
4361729
4363172
4363347
4364956
4371814
4373064
4374628
4374775
4375009
4375258
4376748
4377411
4381978
4382209
4382907
4383773
4384484
4385384
4386729
4387417
4388221
4388704
4390699
4391458
4392676
4392980
4394316
4395650
4396365
4396386
4396867
4397670
4398283
4399276
4399546
4402953
4403522
4405852
4406151
4407196
4408111
4408762
4412874
4413600
4413699
4413882
4414632
4414734
4414818
4415244
4418544
4418688
4419442
4420181
4420753
4422416
4423318
4423572
4424679
4428304
4429539
4431558
4433557
4433618
4433857
4434042
4434279
4434651
4437013
4437534
4441903
4443196
4445471
4445634
4447283
4448969
4450115
4451782
4451834
4452020
4452758
4455076
4455608
4455765
4456027
4456679
4456744
4458063
4458815
4459736
4461186
4462954
4463353
4465305
4465957
4466219
4467307
4467664
4469366
4469601
4470047
4471518
4472848
4473933
4476224
4477818
4478293
4478913
4479209
4480236
4480421
4482809
4483373
4483524
4486746
4486760
4487184
4487557
4488933
4489011
4490654
4491418
4495191
4496345
4496539
4499037
4499477
4500770
4502452
4503431
4503518
4503728
4503918
4503957
4504897
4506052
4506418
4506918
4506994
4507313
4508040
4510378
4510526
4511119
4511372
4513230
4514145
4515418
4515606
4518298
4519252
4519461
4520400
4520535
4523264
4524127
4524686
4525814
4527292
4528222
4529534
4530448
4532964
4533045
4534236
4534731
4535713
4535756
4538038
4538600
4542572
4542627
4543167
4543770
4548288
4550488
4550940
4551047
4552459
4553081
4556323
4557349
4558251
4559002
4559182
4559182
4559533
4560568
4560642
4561828
4562745
4564352
4565115
4567474
4571440
4572110
4572195
4574109
4574440
4576281
4576574
4577030
4577129
4577326
4578002
4578785
4579928
4580662
4581392
4581569
4581924
4584002
4589442
4591236
4591470
4593450
4594164
4594940
4595219
4597768
4599216
4600325
4601704
4601857
4602343
4602826
4605526
4606003
4606533
4606641
4607395
4608048
4611006
4612133
4613246
4613896
4614869
4615539
4615618
4617041
4617346
4617456
4621449
4622086
4624077
4625887
4627076
4627156
4628695
4630708
4632433
4633612
4634292
4635878
4636072
4636625
4636731
4637269
4637345
4637421
4637911
4638161
4639524
4640703
4640871
4640943
4641258
4641741
4642348
4642855
4644184
4646067
4648169
4648592
4650237
4651571
4652104
4654703
4655142
4655621
4656387
4659044
4659463
4660893
4661657
4662728
4663095
4665527
4667012
4668538
4668547
4668780
4670317
4671822
4672211
4672625
4673709
4673799
4673827
4674855
4677535
4678168
4678313
4679257
4679460
4680277
4680425
4682053
4684016
4685811
4686587
4689756
4690434
4691901
4691924
4692923
4693088
4694174
4694560
4695488
4697858
4698331
4698519
4701126
4701526
4702281
4702612
4702717
4703016
4704740
4705532
4706744
4706771
4706864
4708489
4709984
4710119
4710198
4710272
4710355
4710365
4711387
4712642
4714604
4714751
4716785
4718705
4719464
4719775
4721786
4724103
4724343
4725040
4726903
4726957
4727076
4727745
4727970
4728144
4732498
4733108
4733972
4734352
4734422
4735833
4735850
4736957
4738135
4740202
4741506
4742096
4742331
4743617
4744431
4747409
4748438
4750731
4752632
4753135
4753223
4753720
4755605
4755664
4755706
4755976
4756099
4757906
4760089
4761185
4761565
4762131
4762524
4762738
4762958
4763491
4763755
4768052
4769479
4769735
4775112
4777839
4778967
4779965
4781971
4782166
4783610
4783741
4785428
4785505
4786701
4786934
4786993
4787257
4787332
4787478
4787866
4788160
4788677
4788978
4789009
4789639
4790791
4791131
4792098
4792407
4793488
4794426
4794637
4795207
4797131
4797730
4798030
4798668
4799041
4799950
4799972
4800100
4800869
4801222
4801819
4803769
4804171
4806312
4809060
4809303
4809515
4809726
4810821
4811000
4813994
4814923
4817264
4817616
4819498
4820152
4821607
4822627
4822681
4824741
4825749
4826234
4826506
4827183
4827220
4837243
4837449
4839752
4840751
4840865
4841100
4841483
4841751
4843919
4844430
4844855
4848064
4848082
4849950
4850150
4850260
4850534
4851788
4852089
4852677
4857082
4859220
4860356
4860512
4861593
4861634
4866591
4868215
4868684
4868774
4870220
4871861
4871939
4873883
4874116
4874222
4874431
4874934
4875401
4875860
4878111
4878129
4878694
4879821
4880307
4881100
4881284
4884835
4886131
4886623
4886908
4887518
4888053
4888075
4889232
4889855
4890654
4891566
4891799
4892572
4892858
4893327
4893400
4894827
4895170
4900714
4901017
4902648
4903352
4903422
4903572
4904034
4904167
4905712
4907053
4907192
4907363
4907580
4908651
4909991
4911130
4911435
4911605
4912446
4913338
4913358
4916223
4916457
4916797
4917055
4917722
4918045
4918258
4919652
4919841
4921259
4921548
4922761
4923174
4924249
4925021
4925853
4925877
4926702
4928151
4930729
4931117
4934216
4934658
4934693
4935574
4937771
4937939
4938391
4938622
4938859
4939541
4940295
4940629
4940864
4941144
4941195
4941246
4941835
4942916
4943554
4943748
4943916
4945040
4945058
4946080
4949135
4949180
4950790
4953415
4954785
4955802
4956023
4956437
4958719
4959092
4960676
4960986
4966085
4966827
4970195
4970489
4970669
4970675
4970787
4972469
4973323
4973906
4976949
4978192
4978397
4979023
4979353
4979454
4984487
4987335
4987777
4988825
4989584
4993564
4994119
4994855
4996397
4996863
4997292
4998560
5000299
5000344
5001174
5001420
5004938
5005388
5005529
5007427
5007662
5008963
5011299
5012606
5012699
5012844
5013207
5014614
5014807
5015950
5017451
5018535
5018808
5019484
5022218
5022771
5023067
5023992
5024254
5024741
5025402
5025532
5026141
5028632
5031106
5031328
5031575
5032162
5032590
5032800
5033939
5037233
5038031
5040905
5043186
5044973
5045559
5047728
5048141
5048576
5049648
5049881
5049999
5050073
5050626
5050706
5052203
5054300
5056396
5056743
5057183
5057763
5058697
5059744
5061888
5064750
5065460
5065873
5066827
5066894
5067398
5067760
5067769
5067965
5072826
5073165
5073443
5074222
5074584
5074796
5074976
5077020
5077449
5077462
5077781
5081050
5081955
5083103
5083270
5085560
5086004
5086219
5087865
5090080
5091971
5091980
5092766
5094195
5095046
5096787
5097978
5098657
5101147
5101516
5102241
5102890
5104808
5106450
5106885
5108020
5111061
5111816
5114962
5115034
5115537
5116656
5117612
5122462
5123287
5123364
5126953
5128291
5129257
5130154
5130756
5130879
5131448
5131564
5131916
5133712
5133786
5133932
5134645
5136428
5136544
5136748
5137506
5138003
5138254
5139822
5140501
5140873
5142137
5143320
5143524
5144080
5145162
5145204
5145991
5147054
5148051
5149767
5150651
5150871
5151049
5151220
5153103
5154892
5155137
5155223
5157764
5158313
5158321
5159013
5160752
5164890
5165059
5165768
5166929
5167879
5167990
5168141
5168267
5169025
5170176
5171719
5171998
5173223
5173600
5175705
5175913
5177602
5178005
5182610
5182694
5182833
5185333
5187266
5188586
5189600
5191389
5194424
5194493
5195643
5195911
5196222
5196482
5198633
5198677
5199909
5202274
5203143
5203442
5205049
5205757
5209624
5209780
5210577
5211763
5212094
5212773
5215763
5216528
5218162
5218271
5218287
5218832
5220659
5224236
5227147
5227829
5227925
5233126
5233937
5234511
5236548
5237042
5237869
5238325
5242762
5244899
5244979
5246543
5246732
5246747
5246943
5247590
5247941
5250236
5251099
5251170
5251901
5252378
5252842
5253496
5253604
5253918
5255318
5255353
5255741
5256680
5257652
5259479
5261602
5261804
5262576
5263235
5263412
5263747
5263764
5265203
5266615
5267506
5269393
5270950
5271932
5274423
5274432
5275325
5275877
5276101
5276578
5277124
5278749
5280063
5281837
5282316
5282788
5282893
5283228
5284551
5284668
5285007
5285480
5286808
5286886
5290994
5291275
5291850
5292433
5293226
5295625
5295903
5296594
5296608
5296937
5297648
5300612
5303461
5303497
5303845
5307376
5307730
5308012
5308147
5308242
5308285
5308644
5308806
5309277
5311324
5312152
5313059
5314216
5315297
5315835
5317672
5318121
5318210
5318261
5318647
5318796
5319627
5320712
5321941
5322100
5322619
5323320
5324186
5324847
5326423
5326451
5327557
5330507
5330785
5331216
5332016
5334468
5334645
5334979
5335489
5335869
5337091
5340406
5341987
5342117
5342241
5342924
5344494
5344811
5344944
5346680
5351193
5351688
5351919
5352083
5353386
5354933
5357053
5357248
5358926
5361421
5362241
5362526
5365400
5365557
5365805
5368354
5368449
5369664
5369987
5371055
5371510
5372550
5372556
5372772
5375441
5376896
5378570
5380004
5380122
5380751
5381394
5382241
5385089
5386759
5387216
5387449
5388854
5389921
5390434
5390945
5392030
5392539
5393481
5397102
5397303
5397383
5397709
5397732
5398599
5398627
5398841
5398852
5399919
5400513
5400838
5402205
5402957
5404251
5405403
5406019
5407029
5408370
5409027
5409538
5410228
5411259
5412116
5412932
5413475
5414469
5414646
5415119
5415259
5416254
5418326
5418498
5419601
5420762
5422018
5422247
5423793
5425058
5425083
5427467
5427929
5428164
5428981
5429203
5430465
5431149
5431200
5433974
5435115
5435426
5435530
5435600
5435999
5436212
5436780
5439310
5440005
5441061
5443460
5444027
5444100
5444551
5446899
5447452
5449390
5449591
5450031
5450045
5451635
5451729
5451844
5452807
5453236
5454085
5455977
5457531
5457597
5458750
5458853
5458908
5461432
5462922
5463110
5463640
5464481
5465175
5465718
5465730
5465980
5467738
5469047
5469132
5471243
5473133
5473585
5474781
5475476
5476627
5476786
5479083
5479577
5479982
5480489
5480802
5481518
5482797
5487038
5487343
5488235
5492638
5492830
5493341
5493517
5493671
5496768
5497943
5499046
5502057
5502461
5504312
5505764
5506158
5506641
5507448
5509765
5510230
5511879
5512475
5513384
5514734
5515283
5516689
5517444
5518564
5519550
5519698
5521951
5522036
5523042
5524552
5524848
5524927
5525575
5526021
5526173
5526601
5528930
5529412
5530127
5531191
5532040
5532652
5533966
5534302
5536498
5539015
5539120
5543378
5544321
5545426
5545848
5545994
5546369
5548223
5549176
5549928
5551012
5552163
5552896
5553774
5554663
5558344
5558345
5559068
5563635
5564487
5564817
5565130
5565483
5565904
5566354
5566464
5567136
5567946
5568152
5568790
5569405
5569486
5572647
5573740
5574999
5575113
5575149
5576688
5579024
5579663
5581610
5584332
5586276
5586511
5586685
5587060
5587069
5589052
5589285
5592801
5592950
5593423
5595222
5596190
5597115
5597320
5598449
5601521
5601536
5602940
5603702
5605589
5606595
5607020
5607323
5611837
5612395
5613120
5614062
5614303
5614464
5615099
5615952
5617443
5617502
5617732
5618304
5618659
5619082
5620471
5620984
5623003
5623018
5625461
5626435
5627690
5627984
5627998
5628622
5629306
5630759
5634824
5635716
5636723
5637711
5638382
5638531
5640566
5641444
5641989
5642926
5643600
5646007
5646646
5647095
5647914
5649762
5649820
5650620
5651721
5652042
5652584
5652819
5655635
5656967
5657385
5657709
5661664
5662536
5663190
5663536
5663788
5664646
5665410
5666903
5667690
5668737
5668791
5668971
5668978
5668990
5671155
5671379
5672131
5673293
5674843
5675458
5675660
5675954
5678288
5678777
5679525
5680401
5683259
5683721
5687717
5687951
5688986
5690122
5693811
5694146
5695623
5696723
5697645
5698104
5698735
5699149
5700419
5700596
5705690
5706554
5709023
5710065
5710626
5711496
5713476
5714803
5715431
5715986
5716260
5716656
5717343
5718655
5719684
5719793
5720214
5721398
5721510
5721902
5723845
5724744
5727873
5728582
5728879
5729346
5729883
5730691
5731082
5731216
5731476
5731853
5732829
5732905
5734108
5734263
5735636
5738473
5738818
5740530
5740645
5741561
5742261
5743497
5743685
5744350
5744633
5746023
5746876
5750210
5750390
5751005
5751787
5753621
5754138
5754235
5755925
5756492
5759153
5760364
5761674
5761699
5762225
5762435
5762888
5763636
5764120
5764392
5764915
5765080
5765290
5766467
5767111
5767578
5768068
5768829
5768972
5769285
5769785
5770338
5770778
5771650
5772009
5772731
5775164
5775674
5777626
5778146
5778241
5780133
5780200
5780539
5782081
5782750
5783313
5783612
5784125
5784592
5784626
5784760
5786389
5787104
5788889
5790085
5790138
5791848
5792550
5792688
5796098
5796720
5799724
5800027
5800105
5800109
5802767
5802781
5803663
5803797
5804268
5805835
5807733
5808030
5808183
5808426
5808553
5808903
5809862
5811860
5812425
5812700
5814340
5815450
5815580
5816628
5819268
5819869
5820253
5820638
5822380
5823361
5823449
5824508
5826424
5826486
5827697
5828037
5829065
5829136
5829163
5830156
5830440
5831175
5831205
5833329
5834343
5835721
5838004
5838636
5838642
5838867
5841197
5841931
5842322
5843750
5845659
5848585
5848941
5848991
5849444
5850510
5851562
5853919
5854541
5854828
5855054
5856444
5856856
5859930
5861882
5862506
5862911
5862916
5864802
5866576
5867689
5868724
5868858
5869868
5870816
5871024
5871499
5872305
5872822
5873066
5873070
5873136
5874538
5877464
5878145
5878846
5879781
5879863
5879904
5880845
5880966
5882089
5882510
5884097
5884204
5885169
5885583
5887472
5888665
5890211
5890941
5892808
5893157
5893807
5894037
5896490
5896714
5898371
5899864
5900090
5900633
5901303
5903980
5903996
5905270
5905754
5906372
5907014
5907356
5907444
5908841
5908952
5909227
5910503
5910854
5915711
5917078
5917720
5917774
5921846
5922551
5922586
5925916
5926608
5927616
5928145
5929111
5929479
5929524
5929876
5931002
5933825
5933989
5937728
5938709
5939010
5939317
5941912
5943414
5943431
5943551
5944477
5945055
5946952
5948086
5948580
5950772
5950779
5951075
5952118
5952435
5953277
5954610
5955169
5957478
5959430
5961734
5961788
5962139
5962555
5962782
5963257
5963426
5964076
5966125
5967224
5969777
5970156
5970758
5970927
5976022
5976676
5977368
5978532
5979196
5979683
5980929
5982884
5983488
5986426
5987669
5987856
5988637
5989003
5989542
5991423
5991864
5991992
5993808
5994453
5995700
5995925
5997054
5997488
5997601
5997648
5998305
5999079
5999091
5999710
6000052
6000308
6002892
6004347
6004489
6004519
6005489
6005713
6005808
6006152
6009647
6010615
6011551
6012911
6014939
6015053
6015336
6015878
6016610
6018134
6019091
6019920
6019940
6020203
6020705
6020784
6020788
6021102
6023265
6025312
6028364
6030672
6032197
6032984
6033596
6036676
6036790
6037358
6037594
6039876
6040635
6041669
6042759
6044183
6045199
6045839
6046905
6047366
6047807
6049121
6050341
6051172
6053765
6054622
6056512
6058727
6058753
6059190
6060835
6060974
6062240
6062578
6063667
6064214
6065112
6066063
6066277
6067166
6067575
6068117
6068486
6068712
6069666
6069870
6070850
6074256
6076974
6077891
6078356
6078391
6079169
6079587
6087036
6087215
6088882
6090086
6090839
6094338
6094643
6097174
6098274
6098424
6098862
6099168
6099305
6102938
6104307
6105384
6106884
6107404
6108603
6109338
6110242
6110835
6111464
6112033
6112360
6115608
6116689
6118352
6119307
6119362
6121329
6123825
6125930
6127735
6129328
6129851
6129965
6131694
6135380
6135708
6136427
6136844
6138592
6138940
6139695
6139859
6140949
6141259
6141511
6141687
6141979
6144538
6145382
6146239
6146700
6147300
6147740
6150904
6152853
6158365
6158634
6158796
6159667
6160204
6161201
6162413
6163731
6163900
6164644
6164646
6165726
6168026
6169887
6170743
6172150
6173292
6173786
6174817
6176597
6177958
6179994
6180836
6181724
6184498
6185624
6186777
6187301
6189646
6190621
6190914
6192010
6192192
6193022
6196456
6198257
6198477
6199372
6200309
6201336
6201911
6202239
6203093
6203128
6203246
6203349
6205091
6206130
6206703
6207297
6207821
6211315
6212976
6213760
6215906
6217202
6219374
6220849
6220870
6223466
6223559
6223913
6224800
6224938
6225174
6225245
6227156
6227467
6227501
6229238
6230863
6231091
6231900
6232394
6233307
6235033
6235077
6235256
6236646
6237353
6237600
6239287
6239874
6240816
6243128
6244515
6246217
6248757
6250490
6250600
6252644
6253539
6255040
6255043
6255099
6256663
6260548
6261552
6262326
6262383
6262642
6262720
6263059
6263686
6263849
6265250
6269545
6270359
6271924
6272646
6275148
6275939
6276870
6277462
6277619
6277731
6280674
6281577
6281587
6282564
6282918
6283755
6284098
6284312
6285245
6285951
6289975
6290825
6292068
6292589
6292818
6293859
6295299
6296261
6296732
6297968
6298295
6298710
6299349
6300104
6300180
6301662
6304107
6306416
6306557
6308114
6308144
6309432
6310482
6311469
6312711
6314666
6315287
6319706
6320435
6323467
6325458
6328143
6328376
6328648
6330414
6330459
6332010
6332854
6333608
6333704
6334210
6335688
6337058
6338126
6338715
6341649
6342370
6342974
6346705
6351863
6352102
6352106
6353572
6354197
6354308
6357795
6360684
6361472
6361559
6362705
6362904
6365118
6368090
6368329
6370339
6373029
6373500
6374067
6374971
6377654
6378535
6379036
6381291
6382452
6383730
6383740
6384107
6384954
6386862
6387104
6389474
6390061
6390466
6391623
6392510
6393090
6393204
6393615
6394213
6394905
6396208
6397248
6397621
6400767
6400911
6401113
6401961
6404656
6405681
6405833
6405939
6406882
6407550
6407633
6408639
6409182
6409375
6409831
6410987
6412284
6413314
6416186
6417417
6419914
6421209
6422109
6422286
6422418
6423378
6423626
6423976
6424645
6425574
6427525
6427757
6430634
6435025
6436382
6436949
6438329
6438906
6439791
6439937
6440168
6440685
6440904
6442006
6442798
6444797
6448185
6449322
6451037
6451495
6451835
6452120
6453381
6454414
6460081
6460165
6465309
6465949
6466398
6466991
6468133
6469832
6471449
6472295
6473220
6474289
6474296
6476884
6478025
6478620
6479524
6481639
6482189
6482230
6482315
6483542
6483799
6484294
6484875
6485355
6485904
6488052
6488156
6488652
6490671
6490888
6490928
6491121
6492092
6492215
6493055
6494650
6495562
6495878
6495992
6496811
6497232
6497846
6498514
6499032
6499812
6502759
6503701
6505045
6505150
6505263
6505857
6506500
6507522
6507874
6508928
6510328
6510333
6510712
6511252
6511442
6512440
6512635
6514098
6514167
6515071
6515506
6516058
6517167
6519456
6520775
6521675
6522301
6525807
6526372
6527096
6527822
6528028
6531116
6531580
6531940
6532990
6533561
6533955
6535083
6537240
6537891
6538992
6539355
6540059
6540514
6540685
6541450
6542519
6543624
6543703
6546441
6547344
6549491
6550313
6551140
6551298
6551417
6552427
6552667
6552784
6554955
6555314
6560520
6560795
6562261
6562833
6562939
6563473
6564548
6565213
6565224
6565267
6567292
6568712
6569606
6570694
6572162
6572220
6573821
6575596
6576474
6577080
6577190
6577852
6578432
6578584
6579697
6585254
6585880
6589660
6589775
6591039
6593434
6594805
6595308
6595439
6595545
6597118
6597470
6598171
6599467
6599731
6601184
6601535
6603846
6604984
6606405
6607809
6609125
6609449
6609823
6615057
6616044
6617093
6620191
6620824
6620860
6621665
6622041
6624209
6624674
6626786
6626806
6626870
6627081
6628853
6629188
6629755
6630444
6630630
6632273
6632958
6632990
6634844
6635763
6636132
6636591
6636929
6638059
6638662
6638761
6641974
6642606
6645551
6646233
6647484
6649314
6649690
6651784
6652947
6654379
6656586
6656870
6658482
6659587
6660831
6661199
6661450
6662334
6662407
6663024
6663279
6663948
6664635
6665189
6665453
6666104
6666180
6667431
6667532
6668057
6668821
6669098
6670319
6673054
6673565
6673693
6674851
6676817
6678922
6680097
6680529
6681256
6682476
6683917
6684669
6685136
6686378
6687028
6688267
6692130
6692218
6693271
6693457
6693797
6694643
6694807
6694845
6695751
6697354
6697545
6698856
6701521
6702421
6705138
6705901
6706667
6707714
6708454
6711877
6712955
6713048
6713578
6713710
6714525
6714769
6717429
6718338
6718356
6720113
6720238
6720346
6722577
6722766
6722866
6722891
6723134
6723945
6723997
6725379
6725488
6726496
6726637
6727314
6728040
6728584
6729776
6731647
6734166
6734499
6735217
6735717
6735861
6739121
6739140
6739753
6740886
6740950
6741543
6741900
6746099
6748359
6749064
6749612
6750373
6752372
6753998
6756853
6757643
6758386
6758802
6761032
6765831
6767022
6767086
6767189
6767386
6770453
6772971
6773352
6773475
6773609
6775564
6776475
6776711
6776759
6777099
6779736
6780497
6781444
6782789
6786667
6786911
6787925
6787935
6791408
6793537
6795218
6795617
6795736
6796483
6797918
6797981
6798923
6799827
6803038
6803067
6804904
6806206
6806970
6807038
6809773
6809983
6810901
6811279
6811822
6812032
6813021
6813308
6813517
6813535
6814857
6815367
6816147
6817493
6817768
6818992
6819613
6819990
6822868
6823107
6825825
6826558
6827751
6827843
6828823
6828876
6829087
6832442
6833213
6833870
6834156
6834300
6837007
6837046
6839799
6840275
6840624
6841946
6842149
6843391
6843983
6848244
6848350
6848730
6848735
6850969
6851267
6851794
6852001
6854745
6855250
6855930
6856762
6857869
6858555
6859378
6861777
6863620
6863623
6863921
6864769
6864792
6866561
6868511
6869987
6870037
6870047
6871341
6871422
6872452
6876749
6879190
6881800
6883253
6883764
6884114
6884371
6884968
6885260
6885960
6885982
6886342
6886576
6886814
6887122
6889092
6889926
6891339
6892535
6893980
6894044
6894157
6894296
6895013
6897860
6900615
6901859
6901921
6903476
6905436
6906013
6906587
6907188
6908231
6911514
6913655
6913810
6914208
6914427
6914785
6915302
6916319
6917984
6918766
6919106
6920789
6921769
6922820
6923344
6925073
6925779
6928917
6928928
6929652
6930414
6931145
6931528
6931883
6932943
6933146
6933567
6934481
6934896
6937782
6938566
6939414
6939486
6939827
6939908
6940259
6941177
6942464
6943486
6945162
6945352
6945830
6948743
6948853
6949883
6950089
6952053
6952404
6953408
6957542
6958074
6958508
6959831
6960035
6960244
6960454
6960491
6961834
6961987
6963523
6963623
6964603
6965903
6966305
6967585
6968057
6969043
6969474
6969644
6971619
6972769
6973246
6973529
6974515
6975475
6975593
6977435
6977625
6977683
6979626
6979776
6979884
6980035
6981064
6981262
6983118
6984022
6984359
6984411
6984492
6985188
6990319
6991911
6992015
6993793
6994370
6994523
6995034
6996433
6999605
7001161
7002927
7003148
7004101
7005283
7006564
7008877
7010872
7012077
7012147
7012231
7012551
7012577
7014952
7015731
7016481
7017427
7018114
7018267
7018927
7019726
7019776
7020248
7023558
7025076
7025748
7027973
7028490
7028561
7029559
7029988
7031515
7031697
7032426
7032875
7033156
7033509
7033530
7033666
7035721
7035966
7036491
7037181
7037770
7040231
7043431
7046316
7047764
7048878
7051041
7053064
7053071
7054375
7055330
7055883
7056287
7056876
7057109
7057611
7058101
7058478
7059026
7059227
7059365
7060021
7060837
7061114
7061589
7066162
7067151
7067177
7069178
7070076
7070422
7071117
7071793
7072351
7072781
7074732
7077098
7081057
7081345
7082584
7084096
7084158
7084524
7085413
7086371
7088033
7088547
7090148
7090163
7091600
7091627
7091791
7093849
7096755
7099512
7100699
7103664
7103956
7104888
7105541
7105636
7107795
7108891
7109128
7110159
7111198
7111355
7113044
7114207
7114643
7115912
7118540
7119292
7119665
7120298
7120821
7121440
7122164
7122291
7123321
7123609
7124334
7125132
7127117
7128505
7128892
7128914
7131457
7131974
7132510
7133371
7133736
7133859
7134220
7134899
7136369
7137596
7137781
7138362
7138839
7142303
7143665
7144983
7147731
7148261
7150117
7150633
7155800
7156651
7157585
7157915
7159647
7159992
7160176
7161365
7161591
7162292
7163096
7163212
7165841
7166372
7167718
7167741
7168530
7168673
7169914
7171110
7171274
7171535
7172029
7172043
7172399
7175874
7177613
7179179
7181215
7181600
7183072
7183419
7183976
7183999
7184274
7184876
7189452
7189868
7189880
7190551
7191793
7194684
7196359
7197030
7198170
7200384
7200458
7201149
7203781
7204044
7205709
7208126
7208259
7209452
7209940
7211659
7211706
7212536
7214227
7214284
7219092
7219408
7220884
7221344
7223005
7225110
7226926
7227086
7227768
7228232
7229469
7229796
7230732
7231266
7232618
7233303
7233319
7234500
7234622
7236605
7238574
7239253
7240439
7240607
7240737
7242765
7243203
7244329
7244407
7245572
7249324
7254775
7255163
7257677
7258953
7259790
7260034
7260232
7263719
7265099
7265342
7265423
7265456
7266468
7268516
7270591
7271169
7272621
7276196
7278138
7278171
7279571
7281484
7282401
7282945
7283370
7283609
7283903
7284197
7284759
7285951
7286076
7291687
7294591
7295945
7296166
7297973
7298394
7298662
7300478
7301003
7304098
7304996
7305188
7306222
7306342
7306871
7307604
7307722
7308132
7312065
7312885
7314614
7318344
7323440
7323567
7324299
7325486
7327510
7329218
7329565
7330458
7331003
7333852
7335895
7336817
7337256
7339088
7340960
7342718
7344863
7345169
7345375
7347063
7348041
7350848
7353343
7354867
7355010
7357952
7358843
7359644
7360685
7360969
7363838
7364262
7365802
7366065
7367497
7370197
7371306
7371862
7372583
7374394
7374983
7376196
7377626
7378657
7381082
7381222
7381372
7381659
7382490
7382629
7383373
7384129
7384920
7385818
7386228
7386565
7386673
7387732
7387969
7388122
7388652
7388660
7388971
7389049
7389126
7390894
7394214
7394367
7395691
7395834
7396827
7397148
7398068
7399029
7401599
7401608
7401688
7403444
7403939
7404438
7405429
7407053
7407072
7407531
7410566
7410897
7411534
7411650
7413464
7415389
7416119
7416428
7416861
7417986
7420356
7420622
7420750
7421522
7425097
7425608
7427737
7428184
7428597
7429887
7430028
7431231
7431558
7435322
7435859
7436414
7436786
7436941
7438077
7439459
7439528
7441474
7441502
7441686
7447097
7448344
7448928
7449757
7450415
7452479
7452692
7452766
7453792
7454546
7455242
7456261
7456627
7457977
7460196
7463156
7463797
7465848
7466529
7466999
7468312
7468394
7469509
7470515
7471233
7471862
7473055
7473390
7474347
7475105
7475620
7476104
7476599
7478116
7479938
7480183
7480740
7481370
7481477
7482572
7483905
7484871
7485640
7485641
7486220
7488712
7488787
7491225
7491351
7492498
7492515
7492591
7493045
7493089
7496213
7498737
7499455
7501252
7503334
7504737
7506447
7507018
7508818
7509068
7509364
7509539
7510584
7511292
7511524
7512112
7513088
7513388
7514041
7514120
7514809
7515035
7515862
7517025
7517132
7517500
7518017
7518430
7519027
7519296
7520302
7521893
7524308
7524662
7525444
7526611
7527611
7527938
7528178
7529060
7531160
7533745
7534664
7535165
7536397
7537354
7537494
7538956
7538981
7539000
7539810
7540007
7540457
7541696
7542183
7544726
7545247
7545533
7545748
7546522
7547529
7549438
7549825
7551335
7551675
7553435
7554292
7554749
7555697
7557956
7558078
7560566
7562122
7562810
7564580
7565991
7566013
7566608
7567367
7569085
7572009
7573044
7573671
7574692
7574844
7575129
7576974
7577645
7578329
7581783
7582098
7582153
7582601
7582744
7583348
7583466
7587928
7590254
7590875
7593236
7594034
7594557
7596242
7596447
7596625
7597944
7598451
7599872
7601218
7605077
7606947
7607366
7607529
7610159
7610360
7611367
7613085
7613967
7614545
7615060
7615469
7619849
7621314
7621645
7623722
7626341
7627016
7629832
7631208
7631466
7631555
7631617
7631747
7635903
7635992
7638400
7638672
7639902
7640835
7643063
7646723
7647753
7650091
7651644
7651889
7653622
7653648
7657340
7659615
7661886
7663823
7665454
7665808
7665862
7667225
7667791
7668279
7670607
7670887
7671658
7672038
7673571
7673594
7675383
7676008
7677129
7678451
7678780
7680321
7680477
7681663
7683528
7686841
7686865
7688778
7690219
7690773
7692169
7692658
7692977
7694210
7694222
7695962
7696060
7697856
7698416
7700511
7700575
7702373
7702588
7703591
7704470
7704638
7704847
7707042
7707091
7709451
7711086
7711718
7711742
7711838
7713146
7716343
7716816
7719157
7719263
7720396
7721085
7721504
7722413
7725548
7728318
7728458
7730475
7731688
7732648
7733017
7733069
7733784
7734224
7734796
7734886
7735383
7735919
7736165
7736235
7738838
7738931
7739273
7739673
7740263
7740285
7740564
7741487
7741625
7742349
7744134
7745810
7748349
7748595
7748785
7751521
7751608
7756435
7759723
7760204
7760240
7760319
7761933
7762736
7764141
7764582
7764771
7764824
7765023
7765087
7765423
7766918
7767275
7767364
7768132
7769780
7771330
7773208
7774385
7775322
7778625
7778732
7781059
7781165
7781217
7781383
7783138
7783527
7785155
7786951
7789909
7790352
7790559
7790834
7792380
7792380
7792857
7793658
7794275
7795481
7797841
7798228
7798605
7799872
7801784
7802444
7804656
7804870
7804914
7805271
7805662
7806275
7808963
7809033
7809223
7809583
7810036
7810346
7812837
7814768
7814987
7815416
7818390
7818891
7819663
7819994
7820336
7822398
7826228
7826326
7826494
7827090
7828743
7828897
7829485
7830733
7830940
7833131
7834557
7836150
7836293
7838454
7839717
7840617
7840789
7843365
7844240
7847914
7848613
7849124
7850115
7850856
7851849
7853152
7855432
7857584
7857772
7857883
7857927
7858195
7862833
7863980
7864109
7866093
7866523
7867215
7867917
7869044
7870865
7871170
7871260
7871293
7871391
7871464
7873205
7873831
7874496
7879851
7880376
7881313
7882900
7884038
7885594
7885766
7885816
7886963
7887854
7888532
7890446
7890917
7893165
7893659
7893697
7894983
7895230
7895288
7895350
7895786
7897922
7898001
7898866
7900944
7901968
7902719
7903050
7903084
7904145
7904246
7905196
7906025
7906508
7906561
7906686
7910221
7910978
7911840
7913951
7914270
7915601
7916360
7916697
7918386
7919848
7920681
7921303
7922431
7922960
7924131
7924182
7924925
7927053
7927313
7928576
7928882
7929318
7931745
7932668
7933298
7933311
7933820
7934124
7934973
7935334
7935855
7936312
7936987
7937753
7939004
7940266
7940440
7941016
7945505
7949422
7949919
7951844
7952383
7953815
7954663
7957621
7958445
7959488
7960455
7965301
7965572
7972450
7972578
7974305
7975180
7975948
7976711
7976773
7977434
7978569
7978721
7979297
7980055
7982710
7983635
7984475
7985042
7988529
7989142
7989640
7990668
7992721
7992923
7993032
7997538
7997874
8003950
8004883
8004979
8005138
8005890
8006882
8007914
8009836
8010125
8011105
8012062
8013446
8013548
8014188
8016192
8018089
8018526
8018566
8018910
8020603
8021418
8023946
8024296
8024770
8025537
8025583
8027962
8028326
8028973
8029359
8030773
8031686
8032032
8035478
8036527
8037204
8041004
8041847
8042777
8045504
8047001
8048461
8054212
8055060
8057037
8057215
8060533
8061071
8062806
8064841
8064868
8065118
8065455
8065509
8065914
8067466
8067476
8068822
8069790
8071686
8071807
8074003
8076446
8077062
8079694
8080163
8081946
8082629
8084883
8085622
8086219
8086413
8086422
8088013
8092120
8092366
8092898
8094403
8095453
8096231
8096672
8098103
8098312
8098575
8098770
8101526
8101547
8103661
8104131
8106562
8106844
8107275
8112178
8112500
8112611
8112877
8115025
8115918
8116581
8118517
8121339
8121602
8123258
8124806
8125302
8125505
8125805
8126203
8126621
8131063
8131964
8132176
8133437
8134184
8134333
8135677
8136828
8137161
8137307
8137947
8138246
8141512
8144572
8145679
8149066
8149667
8153654
8154137
8154491
8155447
8155928
8156511
8156719
8157869
8160046
8160164
8161602
8162074
8162853
8163145
8163309
8164935
8165485
8166143
8166307
8166663
8166664
8166978
8167655
8168241
8168811
8169333
8170783
8171301
8171708
8174280
8175582
8175809
8175914
8177376
8177465
8179478
8180710
8182841
8183565
8183830
8186269
8189307
8191830
8194239
8195538
8196041
8196379
8198627
8199630
8199806
8200374
8200467
8200491
8200849
8200941
8201271
8202876
8203533
8203933
8205335
8208693
8211747
8213528
8214012
8214115
8215120
8217001
8219573
8220785
8224234
8225412
8226348
8226533
8226932
8227573
8230136
8230786
8231104
8231819
8232769
8233122
8238140
8238460
8240765
8241565
8242358
8242653
8243149
8244891
8244903
8247363
8247377
8247974
8248282
8248481
8248518
8248877
8250709
8251710
8252107
8252545
8253791
8254276
8254786
8256675
8256892
8257270
8257854
8257901
8261183
8262061
8262077
8262805
8263065
8264131
8264187
8264532
8264734
8264816
8266937
8267288
8267794
8269140
8269197
8270178
8270315
8270548
8270761
8271881
8272026
8275845
8276015
8277805
8278266
8278857
8280234
8280511
8281693
8281896
8282476
8283817
8284869
8286281
8287592
8290656
8293288
8293404
8294091
8294885
8295189
8296691
8297516
8298462
8299067
8299284
8301036
8301707
8302895
8303212
8304478
8304807
8306344
8307211
8308760
8309970
8310867
8313859
8314365
8315267
8315750
8315927
8316564
8316752
8318357
8318865
8320130
8320222
8320243
8320614
8321959
8323506
8323804
8325545
8326907
8327094
8327242
8328351
8328481
8329719
8330792
8331941
8332498
8333096
8333974
8333986
8334820
8334849
8336807
8337229
8337550
8340389
8341020
8342101
8343682
8343928
8344488
8344895
8344910
8345580
8345749
8345895
8345981
8346278
8348032
8348235
8348977
8351531
8351952
8352737
8353434
8356466
8357953
8358516
8360927
8362343
8362357
8362993
8364619
8364875
8366201
8366660
8366995
8369079
8371308
8371626
8372829
8373408
8374124
8374973
8376070
8377097
8381060
8382352
8383500
8383757
8383759
8384084
8384711
8384966
8385367
8385389
8386860
8387410
8387590
8388017
8388452
8389306
8391237
8392542
8394910
8396109
8396627
8396728
8398879
8401761
8402282
8403249
8404016
8406871
8407424
8408312
8408441
8408536
8408896
8409481
8410476
8412352
8413011
8413676
8417107
8417297
8417699
8419204
8419828
8421004
8422617
8423657
8423670
8424305
8424587
8426171
8427739
8428239
8429292
8432364
8432465
8433053
8433125
8433161
8434668
8434726
8437188
8438650
8438931
8439431
8440150
8441921
8442044
8442354
8442785
8443051
8446834
8446923
8446946
8448782
8449096
8449439
8451730
8452315
8454015
8455597
8456703
8456970
8456988
8458334
8459393
8460156
8460490
8460694
8460764
8461372
8464628
8467792
8467796
8469350
8469444
8469595
8469601
8474231
8475812
8478037
8480802
8482119
8482202
8482334
8482342
8488939
8489617
8490121
8491348
8492284
8494826
8497061
8497198
8497383
8497529
8497742
8498243
8498695
8499465
8499971
8500768
8501692
8501741
8501924
8502683
8506907
8507453
8508365
8509835
8510102
8511191
8511239
8513543
8514498
8516203
8520208
8520927
8521019
8521846
8522226
8524632
8525778
8525902
8526809
8527612
8528589
8530360
8530529
8530825
8536127
8537313
8537560
8538115
8539246
8539303
8540178
8540205
8541776
8542672
8543583
8544134
8544629
8545028
8545465
8545980
8546220
8546870
8547095
8548483
8548900
8548972
8549704
8549794
8549805
8550035
8551188
8551482
8551741
8553256
8556011
8559755
8563003
8565070
8566679
8567174
8568202
8569443
8570175
8572688
8574319
8575008
8578374
8578427
8580555
8581734
8582684
8582785
8583092
8583192
8583201
8583623
8583808
8584815
8587240
8587881
8589549
8593372
8593432
8593684
8594637
8594916
8596714
8597702
8598163
8598191
8601089
8601116
8601730
8603058
8606136
8608494
8611291
8611815
8611942
8616581
8616625
8617826
8618297
8618328
8619000
8620170
8620320
8620491
8622437
8622438
8623316
8623733
8626259
8626481
8626560
8627141
8629237
8631098
8632003
8632050
8632099
8632853
8634922
8637199
8637332
8637676
8639382
8639456
8641026
8641314
8644732
8645977
8647071
8647286
8647886
8648635
8652292
8653484
8654227
8654791
8655021
8656323
8656392
8656551
8657389
8657870
8658324
8658390
8659476
8659817
8659819
8660194
8661029
8664942
8665752
8668649
8669434
8672389
8673074
8673850
8674547
8674825
8675012
8675935
8678051
8680126
8681066
8683323
8683432
8684334
8684679
8685505
8686414
8688719
8689046
8690670
8690735
8692309
8692581
8693511
8694018
8694345
8695117
8699450
8699706
8700319
8701135
8701200
8702288
8706014
8706728
8708770
8709263
8710120
8710603
8711686
8713663
8714013
8714220
8715554
8716624
8719188
8719215
8722816
8726415
8726558
8728592
8731264
8731587
8733113
8734178
8734708
8737798
8738991
8739265
8739268
8745571
8750314
8753565
8754646
8754692
8755003
8755555
8756287
8756510
8758409
8758802
8759295
8759556
8760559
8760834
8763532
8763994
8765237
8765537
8766143
8766372
8766533
8767787
8768013
8768210
8768355
8770863
8771767
8772258
8773619
8773712
8775486
8776182
8776397
8777167
8779987
8781567
8782292
8784828
8784877
8785231
8785344
8785369
8785878
8786480
8787490
8788094
8788146
8788797
8789474
8790613
8791938
8793175
8794411
8795095
8795132
8795652
8797623
8798670
8799146
8799519
8799711
8799717
8802470
8802758
8803607
8803994
8804404
8805223
8805876
8806769
8807430
8808687
8810326
8811582
8811612
8813117
8816082
8816296
8817223
8818653
8819079
8820027
8820263
8820915
8821023
8822233
8823198
8823388
8823802
8823841
8824200
8824484
8824672
8825035
8825686
8826082
8826218
8827568
8827883
8828483
8828761
8828856
8830811
8830943
8831902
8833048
8835468
8835557
8838064
8841770
8841861
8841946
8842972
8842973
8843874
8844395
8844825
8846035
8846181
8852616
8853621
8853790
8857407
8857614
8858045
8859141
8859722
8861174
8862273
8862378
8862886
8863046
8863565
8864088
8864205
8865211
8865935
8866050
8866167
8866204
8866743
8867102
8867874
8868685
8868878
8869696
8870331
8870766
8872654
8874925
8875237
8876186
8881047
8882432
8883553
8884302
8884934
8885923
8887030
8887735
8888776
8889230
8889509
8890808
8890959
8891525
8892050
8892835
8893379
8894276
8895413
8896659
8898177
8898256
8899132
8901044
8901678
8902971
8903775
8906330
8907197
8909146
8909469
8913130
8913178
8913640
8913873
8914909
8915102
8917073
8920410
8921506
8921653
8922159
8922332
8922906
8923355
8924140
8924374
8927141
8927476
8927865
8929919
8929977
8930466
8930903
8932783
8932912
8933521
8935244
8935685
8936249
8936847
8937793
8938284
8938335
8938994
8940980
8943542
8943638
8944449
8944840
8945938
8948969
8949863
8950699
8952027
8953631
8954028
8954379
8955699
8957137
8957746
8960407
8960764
8963895
8964090
8967191
8967885
8968278
8968680
8968730
8969077
8969079
8969776
8970930
8971629
8972784
8976399
8976624
8977071
8977774
8980359
8981906
8983522
8984749
8985559
8987272
8987545
8990384
8990842
8990967
8992254
8993735
8993770
8993978
8995575
8996271
8996295
8996897
8998714
9000542
9000662
9000764
9001254
9003822
9005223
9006648
9006920
9007320
9008129
9009130
9010137
9012066
9012897
9015707
9015806
9017112
9017758
9017818
9019175
9019829
9020944
9022454
9022736
9022779
9022789
9023241
9023712
9024076
9027712
9030316
9030757
9031083
9031660
9033002
9033883
9034637
9035349
9036447
9036977
9037260
9037591
9038000
9039366
9040198
9040227
9041652
9043608
9043987
9047526
9048649
9049404
9049603
9049670
9051020
9051178
9051733
9051919
9052066
9053037
9054705
9055994
9056527
9056828
9057102
9058315
9058920
9059227
9059736
9059862
9061225
9063097
9064645
9066351
9066632
9067690
9068971
9074139
9074915
9076621
9076931
9077403
9080601
9082649
9083331
9084776
9085826
9086739
9088487
9091907
9092045
9092133
9092216
9094338
9094708
9098193
9098233
9098311
9098487
9098503
9100624
9100680
9101088
9103010
9103802
9104713
9105752
9106220
9109165
9109189
9110255
9114139
9115401
9115985
9116545
9117185
9118208
9120502
9121179
9121288
9121842
9125866
9127465
9127533
9127609
9127677
9129277
9131879
9135821
9136611
9137120
9138117
9140058
9141500
9141783
9141965
9142968
9143084
9145069
9147426
9147620
9148090
9148160
9148506
9149024
9149476
9149554
9150238
9150739
9151087
9152190
9152449
9153951
9153956
9154129
9156463
9156520
9156977
9157705
9158600
9159036
9160189
9160390
9162253
9163973
9164811
9165963
9166792
9168296
9168596
9169481
9169493
9171214
9172366
9173007
9173123
9173258
9174507
9175032
9175469
9175928
9176197
9176269
9177728
9178886
9179268
9179834
9180999
9181350
9181712
9181761
9182015
9183105
9183762
9184646
9186573
9187462
9187607
9187929
9188150
9188360
9188759
9190854
9191313
9192540
9193096
9194333
9195449
9196800
9197067
9197367
9197571
9199631
9199695
9201131
9201570
9201743
9202348
9205842
9207577
9207914
9209332
9210252
9210605
9213968
9215332
9215737
9216994
9218068
9218083
9218385
9219536
9220969
9222022
9222962
9224299
9224514
9225526
9230745
9231586
9231965
9232279
9233078
9234310
9234440
9235807
9235844
9236460
9236522
9236731
9238262
9239517
9239652
9243035
9243049
9244147
9244687
9244829
9248112
9249592
9249630
9250373
9250690
9251451
9252005
9252150
9252964
9254290
9254528
9255316
9255328
9255430
9256815
9256983
9257149
9257485
9257762
9258570
9258732
9259851
9260311
9260616
9261530
9265909
9267393
9268027
9268791
9269208
9272028
9272592
9273155
9273647
9274193
9274616
9275024
9275973
9276935
9277992
9278160
9278364
9278719
9279057
9279286
9281432
9284197
9285310
9286962
9289914
9292025
9293427
9293549
9293695
9293801
9296444
9296707
9298790
9300865
9301107
9302262
9302356
9302889
9302919
9303865
9304068
9306396
9306456
9306955
9307562
9310569
9311538
9313518
9315204
9317032
9317108
9318034
9318355
9321186
9322593
9322896
9323850
9324602
9325824
9326519
9326762
9327002
9328382
9328877
9329514
9330357
9333091
9333123
9334656
9335669
9336098
9337126
9338617
9338644
9339862
9339917
9339994
9340160
9340921
9340951
9341743
9343662
9344115
9344696
9346963
9348115
9350485
9352584
9353080
9353750
9358117
9358138
9358625
9359052
9360239
9360767
9362097
9362238
9363149
9363566
9364140
9364530
9366192
9366193
9367629
9367733
9368473
9370145
9373264
9374076
9374098
9374399
9374994
9376388
9376505
9376748
9377315
9378494
9380431
9380939
9381352
9382222
9383270
9385183
9387443
9392145
9392320
9392330
9393623
9394768
9395158
9395992
9396373
9397167
9397780
9398422
9399588
9400107
9402262
9402299
9403176
9404365
9405155
9405544
9405796
9406679
9409118
9409923
9410026
9410089
9410598
9411537
9414712
9415461
9415881
9416255
9416784
9419396
9419678
9419930
9421232
9422374
9422668
9422749
9423077
9424244
9424748
9424995
9427271
9428296
9430148
9430326
9432604
9432940
9433184
9434516
9434754
9435671
9436056
9436068
9437147
9438509
9438671
9439802
9442299
9443326
9445372
9446513
9446885
9446921
9448797
9449321
9450720
9451568
9452896
9455333
9455378
9455911
9456358
9456949
9457258
9457408
9457968
9460189
9461794
9462056
9463506
9465917
9466230
9467715
9468675
9468712
9469900
9470845
9470849
9470907
9471674
9472629
9473377
9473862
9476985
9477385
9478642
9478657
9478970
9479918
9480309
9480315
9480328
9480483
9482709
9483381
9484418
9484488
9485165
9486128
9487403
9488015
9488172
9488536
9489124
9489619
9491290
9493148
9493698
9495259
9496383
9499721
9499800
9503180
9503816
9505697
9506863
9507202
9509792
9510347
9510929
9511257
9512383
9514507
9515080
9517007
9518850
9519236
9520118
9520547
9522761
9526474
9526692
9527146
9527463
9528532
9529347
9529728
9531002
9531274
9532151
9532158
9533037
9533596
9534379
9534620
9535589
9538913
9540497
9541296
9542420
9543303
9543571
9543973
9544897
9546673
9547148
9547991
9552025
9553423
9553577
9553761
9554041
9555861
9557954
9558275
9558327
9559660
9560639
9562360
9563250
9563414
9564101
9566697
9567136
9568623
9569772
9570776
9570954
9571064
9571341
9574257
9575245
9575579
9575911
9579491
9580861
9580923
9580941
9581417
9582041
9582365
9582926
9583288
9584186
9584783
9584851
9585077
9588043
9588404
9588532
9589189
9590413
9591257
9593183
9593653
9596857
9598703
9599023
9599328
9599459
9600283
9600468
9602134
9602222
9603360
9605293
9610318
9610659
9612209
9613616
9615384
9616010
9617869
9617926
9620132
9621200
9621524
9622122
9622301
9622628
9622838
9623524
9623645
9623896
9624153
9627766
9627863
9628468
9628965
9629192
9630075
9630371
9631597
9632570
9632580
9633389
9635199
9635384
9636027
9636036
9638463
9638493
9638803
9641186
9641870
9642268
9643683
9645025
9646557
9646914
9647622
9649473
9650264
9650363
9650562
9651536
9652332
9653896
9654262
9654492
9655185
9655310
9655551
9657324
9659220
9659309
9659732
9660092
9660521
9661771
9663027
9667144
9668890
9668992
9669762
9669784
9671654
9671886
9672360
9673093
9675495
9675785
9675972
9677345
9681117
9681170
9681416
9681566
9682737
9684550
9684694
9685032
9690506
9691433
9693316
9693887
9694815
9695823
9696199
9696522
9697242
9698921
9699403
9700138
9701140
9702453
9703960
9704854
9704948
9707339
9710263
9711815
9714277
9714727
9714839
9715073
9715588
9715722
9718494
9719775
9719948
9724158
9724303
9724305
9724676
9725204
9725843
9727324
9727426
9728429
9728623
9728857
9730151
9733031
9733851
9739449
9739738
9739816
9741268
9743958
9743958
9746055
9747309
9747552
9747595
9747917
9748156
9748365
9749247
9750222
9750699
9752097
9752821
9753258
9753523
9753782
9754899
9755862
9758010
9758222
9758999
9760085
9762100
9763296
9763756
9765870
9766541
9766804
9766931
9767100
9768135
9768312
9768968
9771442
9771782
9772773
9773242
9774594
9776083
9776258
9776550
9777900
9781208
9781560
9781737
9782837
9783965
9784126
9784977
9785624
9786756
9787966
9788267
9788496
9789705
9790434
9792171
9792378
9792641
9793481
9793642
9794594
9794780
9796167
9799173
9800291
9801189
9802981
9806279
9806484
9807368
9811390
9813401
9814940
9816983
9818664
9819962
9821691
9822034
9822649
9823026
9823944
9825099
9825592
9825705
9826341
9828684
9828796
9829608
9830644
9832340
9835093
9835505
9837169
9837169
9837884
9838378
9839744
9840314
9840955
9842458
9842630
9846115
9847472
9848922
9850337
9850624
9851396
9851666
9851699
9852188
9852790
9855743
9856873
9857496
9859881
9860598
9860743
9862046
9862047
9862488
9864129
9864698
9865387
9866346
9866610
9866742
9867018
9867585
9870233
9870294
9870525
9870630
9870638
9873456
9874714
9878168
9879710
9879902
9880305
9881188
9883613
9885975
9885986
9886291
9886853
9887194
9887745
9889030
9889733
9891341
9891629
9891682
9895195
9896870
9897472
9898296
9898299
9901124
9902111
9902292
9902785
9904330
9905302
9905308
9906311
9908331
9909370
9909576
9911128
9911883
9912466
9913518
9914309
9914350
9916045
9916080
9917136
9918639
9918805
9919578
9920480
9920565
9920876
9920967
9921180
9921467
9923277
9923410
9923643
9925622
9926571
9928942
9929369
9930776
9931134
9931631
9932389
9932752
9933106
9933465
9933744
9933820
9934644
9937221
9938033
9938182
9938264
9946368
9946553
9946719
9946903
9946981
9948637
9949895
9950020
9950079
9950934
9951726
9951978
9952331
9953964
9954412
9954980
9956855
9957743
9959311
9959674
9961349
9964274
9965546
9966094
9966685
9966992
9967825
9968186
9968976
9969906
9971856
9972046
9972155
9972836
9973272
9974780
9974909
9975373
9976484
9976710
9976907
9978604
9980767
9984412
9985933
9986601
9986984
9988989
9989188
9989307
9990060
9990197
9991115
9991939
9992600
9992616
9993072
9996048
9997128
9997416
9997707