7076
9716
9899
12117
13068
13119
14947
16421
17384
18301
18726
18844
21054
24087
24954
26890
27014
28344
28717
30584
30991
31095
34018
34660
34723
35037
36091
36688
40018
41888
42067
48248
49827
51806
51867
53382
56498
56735
57538
61145
61203
62112
63582
63856
65655
65780
65886
66095
66567
67131
70226
71050
71680
72495
73382
74562
75833
76129
77786
77801
78179
81799
88945
89514
89617
91062
94051
94675
95399
99766
100208
102921
103944
104785
105116
105244
106490
107968
108022
108030
109509
110486
111113
113618
118421
122491
122804
122809
123863
124131
124856
125394
125652
126255
126583
128558
130428
131166
143817
146045
146387
146436
146771
151008
158530
158772
158781
162008
173596
173715
175897
177609
179962
180333
180497
182586
184964
185582
186354
186820
191038
195115
198552
200956
204306
205396
206495
208229
208929
209191
211191
211783
212687
213120
213336
214294
215879
216534
217810
219181
221337
222482
222731
225728
228136
228243
229447
229862
232194
239623
241039
241317
243421
247293
250120
250552
250817
252791
252800
254580
255483
258481
262371
264532
265751
266631
267141
267635
272011
273425
274772
278161
278256
281789
283940
285856
287138
288508
289397
297764
298221
298253
298852
299815
308181
310380
310493
311203
311952
318894
322702
324792
327211
329802
332423
334276
337704
342978
344167
346444
347186
350292
351139
352077
352708
352750
355384
355891
356085
360795
364531
365726
366500
368171
368233
368378
369980
370311
370369
374519
379387
379408
381475
382401
382846
389140
389889
391146
391404
393823
394954
396166
397275
404916
406354
407238
407776
410223
411880
413599
413673
414626
416935
419287
419535
420798
424913
426070
427718
429906
430117
430123
431266
432751
432771
444734
445297
445521
446162
446656
447400
457760
461019
462443
462866
469583
469654
470206
471217
472008
472089
472513
476139
480538
481175
481638
483012
485146
486408
488427
488830
490641
493094
496747
501096
503011
505437
505546
506905
510094
510259
510896
515343
515882
516803
517543
517871
518068
518117
519564
520425
520940
521348
524033
531284
531803
535448
536771
537978
539419
543468
546556
548548
549432
550323
551256
553127
557772
559042
562575
564259
565263
567611
567839
570379
570707
572266
573708
574270
576282
577954
579019
580814
580960
586694
587317
592430
593862
595960
598799
602181
603744
607047
609581
609668
611368
611919
614216
616973
618508
621708
623853
625920
626866
628717
630309
631364
633001
633368
635397
638064
638750
639484
646955
647032
647225
647897
649080
652590
653421
657925
659656
659783
660161
661445
664956
666374
674601
674621
682145
682389
682469
683650
683849
685454
685858
687159
692738
693033
693869
697279
700146
701113
701153
701755
702387
703511
704886
706045
707663
709203
710335
713083
713554
714197
714249
714720
715086
719511
719993
720977
721310
723899
729375
729754
730571
731260
732009
734060
737053
741670
745488
749341
752137
752304
754820
755485
755497
757294
759674
760002
764189
766337
767409
769572
769869
770443
773551
774823
777683
778358
780425
780476
782653
783229
785373
789094
799750
799908
800460
800944
801500
802556
803922
804330
807063
809732
810415
811859
814650
815430
815658
816173
818616
819432
820513
821137
822767
825249
825641
829345
831016
834945
839015
839444
841957
841973
843532
844017
844709
847430
847935
848390
854352
855002
858171
859215
859271
860075
860949
861885
864556
864929
866211
866866
867079
868484
870452
870983
872839
875514
878377
878377
880377
880570
883429
884983
886358
890010
890270
892288
895159
895420
896024
896514
897764
903747
906344
906776
908535
910998
911037
911792
911916
912765
914057
916379
919413
920050
921101
921952
921985
922388
931572
932514
933560
933605
934333
935996
937098
938373
939154
941141
942392
942793
946650
948599
951438
951772
952679
956079
956318
957092
957963
958815
959142
960095
961855
967145
970327
970847
973033
974966
975582
975647
976120
978692
982884
985710
986549
986767
990740
993389
995344
997109
997207
997846
998765
1000212
1000477
1000602
1001115
1003636
1008936
1009735
1010902
1011006
1015777
1016610
1020181
1020450
1024199
1024419
1028077
1029063
1029918
1030190
1031175
1035502
1036353
1037870
1039601
1041271
1043927
1045923
1049728
1049857
1051876
1051957
1055163
1056669
1058778
1058825
1062930
1064229
1066743
1066898
1069683
1072970
1076204
1079349
1081946
1082031
1082193
1083819
1084856
1085519
1086505
1088219
1091073
1094084
1095581
1097407
1098618
1099472
1100963
1101577
1102184
1106835
1114819
1115551
1118957
1121579
1122469
1124477
1125245
1130070
1130820
1132417
1132559
1132786
1133780
1135180
1135682
1136327
1137836
1139528
1146018
1148796
1149218
1153435
1154099
1154929
1155475
1159335
1160352
1162628
1162942
1163385
1164413
1165697
1166279
1166419
1172044
1172193
1173551
1174743
1178056
1179224
1183231
1184998
1185654
1186441
1186991
1187105
1188825
1191805
1192215
1199713
1200777
1203250
1203818
1204360
1205713
1205891
1209770
1212564
1213360
1216161
1218721
1225705
1228922
1230792
1231451
1231839
1236628
1237147
1237187
1237922
1239719
1241333
1242387
1243628
1247932
1248081
1249112
1250905
1256094
1257340
1257898
1258153
1259448
1259658
1260166
1263105
1263509
1263703
1264475
1269366
1269767
1272022
1272827
1272963
1274337
1274365
1278762
1280646
1281940
1282640
1284271
1286153
1288611
1288832
1289424
1290433
1292332
1294499
1295535
1296526
1300154
1301120
1301784
1302803
1304627
1306108
1308576
1308691
1309304
1310727
1314706
1316905
1317981
1318192
1319819
1320884
1321703
1322475
1324403
1326605
1326699
1327868
1329052
1331600
1333322
1337760
1338482
1340564
1351013
1351356
1357242
1358196
1358226
1360005
1369666
1373938
1375639
1376299
1377533
1379983
1380810
1381740
1386226
1388305
1391292
1392803
1393330
1394693
1395115
1397458
1398111
1399187
1400606
1404485
1406259
1408242
1409823
1411047
1415865
1417585
1419297
1420995
1421411
1422574
1425454
1426077
1428231
1428408
1430565
1435875
1437209
1437829
1438926
1443252
1444781
1449407
1453561
1453977
1457387
1459489
1459702
1461683
1461879
1461962
1465633
1470802
1473386
1474795
1478932
1482726
1483084
1483883
1484010
1484359
1486827
1488487
1488802
1488889
1488995
1491924
1493012
1495554
1501858
1501958
1504010
1505348
1509281
1511441
1511733
1512155
1512966
1517645
1518944
1520267
1520534
1525304
1525929
1526437
1527345
1528959
1533231
1533477
1534508
1535785
1538759
1539064
1541874
1543467
1544595
1549806
1549898
1551686
1552695
1555944
1557132
1559249
1560322
1562348
1562887
1563305
1572417
1572765
1573835
1575293
1575399
1576803
1577561
1578763
1580213
1580851
1581581
1583987
1589261
1589661
1591909
1591989
1592953
1594182
1595504
1596567
1598630
1599121
1601960
1602044
1603343
1604718
1606933
1607327
1614570
1616748
1617989
1618742
1623011
1624450
1625916
1626300
1626614
1635490
1637353
1637451
1639632
1639652
1640825
1643787
1646536
1647746
1647906
1648776
1651919
1653123
1653162
1655026
1656217
1657401
1659273
1659358
1664938
1666030
1666074
1668434
1669458
1675317
1675767
1675777
1677306
1680046
1682065
1682320
1684987
1685025
1685359
1686651
1686949
1687382
1689152
1693372
1693598
1693956
1694915
1699724
1705077
1709584
1711268
1713487
1716012
1716085
1716421
1716500
1717504
1717878
1718936
1720025
1722156
1723023
1723774
1727644
1730736
1733490
1735582
1737328
1740249
1742534
1743123
1744810
1745567
1751044
1755017
1756581
1764410
1764844
1765982
1772493
1772759
1773217
1775341
1775984
1785829
1786009
1789980
1790466
1799093
1800086
1802935
1803299
1803563
1807418
1808985
1810263
1811036
1811157
1814225
1815116
1816220
1817522
1817912
1818591
1818766
1820870
1822249
1830265
1830926
1834367
1834784
1836519
1836877
1837780
1838721
1842007
1845882
1847128
1848900
1849427
1849626
1849904
1851054
1851415
1858024
1861021
1863906
1866394
1867284
1868021
1871638
1872387
1876753
1877614
1879029
1882145
1886815
1887989
1889426
1891573
1892072
1892919
1893347
1895463
1897767
1897909
1898120
1898669
1902648
1903003
1905035
1905496
1908073
1908853
1914836
1914855
1917269
1917375
1920634
1921432
1921568
1922981
1924482
1925767
1926905
1927428
1927498
1938041
1938635
1939843
1940580
1942549
1942970
1943311
1944260
1945971
1950905
1952602
1956200
1958660
1958785
1959091
1959788
1963119
1964062
1967432
1969127
1970369
1971854
1974177
1976028
1978164
1978267
1979218
1982069
1982261
1982980
1984518
1987304
1987965
1989175
1990933
1992586
1997419
1999688
2000977
2001709
2003011
2009278
2010013
2010881
2012256
2014337
2016314
2018235
2021035
2022294
2022638
2022662
2023803
2027807
2028099
2032217
2035097
2037065
2039138
2040300
2041032
2041057
2043819
2044404
2049747
2052097
2052211
2054960
2055606
2058013
2058736
2058863
2062832
2067904
2068578
2068643
2069800
2072376
2076607
2076719
2077121
2077760
2078002
2079941
2083498
2083596
2086798
2087251
2088867
2089547
2090249
2091898
2092483
2093106
2094785
2095107
2100847
2101535
2102348
2106209
2107527
2107576
2108791
2113797
2125010
2126490
2127786
2128627
2129489
2129573
2130242
2130337
2133361
2135421
2137157
2138664
2139298
2142018
2144051
2147726
2149143
2150620
2152248
2154734
2154882
2158445
2162409
2164506
2165847
2167535
2168148
2168970
2170437
2171402
2173261
2174182
2174542
2175336
2176772
2178658
2180766
2182061
2188702
2191978
2193428
2193914
2194314
2194399
2196709
2196713
2203390
2203518
2204033
2205556
2208984
2209423
2209635
2210634
2211129
2211748
2213088
2216419
2217711
2221734
2223173
2224441
2225082
2225348
2229990
2235176
2237427
2238097
2238672
2242621
2243672
2243888
2246448
2247229
2251226
2251235
2252080
2256464
2265017
2266636
2268063
2270760
2271329
2272785
2274127
2279753
2279815
2280603
2282084
2282387
2284514
2288232
2295186
2296906
2300705
2300856
2304793
2305575
2309263
2309382
2309508
2309905
2311866
2313346
2315096
2316010
2316440
2317541
2319015
2319113
2319863
2320128
2321822
2324736
2328590
2329337
2330229
2330937
2331231
2331518
2335231
2336307
2336483
2337074
2337457
2340878
2342368
2345816
2346607
2348218
2352282
2354187
2358611
2359272
2362162
2364675
2366216
2366259
2367410
2370964
2374422
2376012
2376079
2377399
2378966
2379155
2380722
2381586
2381997
2383481
2384138
2384265
2384715
2387387
2388844
2391812
2392924
2394210
2395821
2399101
2400169
2401056
2402206
2403228
2403231
2405512
2410009
2411041
2411335
2413928
2414006
2414523
2415769
2416753
2418637
2421055
2421995
2422165
2424721
2425535
2425902
2427660
2429261
2429840
2430125
2430559
2433430
2437456
2438965
2439269
2439652
2440314
2440740
2443501
2444945
2445150
2447145
2447260
2447888
2452251
2452265
2452520
2452623
2453997
2454960
2455503
2457781
2458969
2459149
2459895
2460559
2471190
2472206
2472502
2474830
2477434
2477943
2483573
2483575
2484694
2487072
2487372
2490790
2492238
2495010
2495753
2496699
2497458
2498399
2499061
2500898
2505050
2506081
2508330
2509882
2513325
2516299
2518935
2518956
2520686
2522314
2523102
2523715
2524190
2524325
2525995
2527089
2528661
2531716
2539823
2540408
2541399
2543573
2545789
2546700
2550224
2550593
2551782
2552527
2552658
2553180
2553495
2555631
2560328
2564160
2564236
2565460
2566859
2570099
2571106
2573770
2574044
2575043
2576186
2579288
2579340
2579655
2583066
2584001
2587162
2589857
2589868
2592215
2592597
2593005
2595598
2596554
2598534
2599321
2600017
2601010
2601422
2602154
2604403
2605821
2606733
2608923
2611591
2614776
2615260
2617540
2617820
2618585
2620545
2622174
2622372
2622469
2622871
2624307
2626704
2626720
2627416
2627729
2628274
2628541
2628845
2630692
2630711
2630835
2631849
2633024
2633418
2633456
2636056
2638196
2639639
2641600
2643706
2645456
2647439
2648053
2648586
2652053
2652684
2654291
2655120
2655269
2658623
2658856
2660317
2661042
2662709
2663378
2663434
2663444
2664474
2665073
2666185
2667153
2668092
2668106
2668625
2673223
2673361
2675480
2677324
2678511
2687854
2692965
2694411
2695205
2695501
2695830
2696224
2697967
2698481
2703516
2704402
2706061
2710906
2710931
2715930
2716949
2722892
2723177
2723795
2724941
2725415
2725976
2728387
2736954
2737284
2741627
2742047
2743927
2744883
2745522
2750542
2754176
2755255
2756473
2758381
2758522
2759840
2762775
2763504
2764557
2766664
2767113
2768470
2768965
2770041
2774556
2776367
2777538
2778181
2779187
2780969
2781783
2783040
2783399
2784876
2786120
2787270
2787665
2789258
2789730
2791976
2795311
2796452
2796548
2797183
2797701
2797898
2798782
2799208
2802364
2804173
2804509
2807184
2808756
2811347
2811748
2813318
2814585
2816397
2817425
2817526
2817988
2819605
2821936
2822257
2823136
2824430
2826552
2828208
2828663
2828687
2828802
2829556
2830127
2830271
2830462
2830601
2831058
2832112
2832195
2833349
2834849
2836234
2836259
2837721
2837796
2838312
2838708
2839910
2840570
2841237
2843451
2844312
2849670
2850037
2853521
2854369
2854925
2855517
2856416
2857716
2860079
2860098
2861115
2861383
2864352
2865078
2865149
2865809
2866742
2867667
2869628
2872150
2872914
2872923
2873045
2875440
2875656
2876765
2878358
2878559
2879295
2879750
2880471
2880506
2881203
2882130
2882606
2883129
2885324
2886941
2887926
2890496
2894621
2895074
2896072
2897029
2897230
2897740
2899858
2900023
2902942
2903989
2907656
2911294
2915269
2915316
2915698
2916474
2917507
2917738
2919274
2921316
2922414
2924123
2926385
2927576
2929395
2932398
2932917
2938081
2938223
2939431
2939781
2944285
2945976
2948613
2948792
2949459
2949643
2950027
2950064
2950170
2951371
2952252
2952402
2953306
2953601
2954471
2955260
2961111
2962580
2965683
2966970
2969302
2969520
2970645
2973348
2974080
2976318
2983329
2984249
2986063
2988690
2989615
2994959
2996427
2996447
2998938
3001247
3002241
3002856
3003724
3004368
3005293
3007231
3007340
3011335
3012849
3014190
3017168
3017698
3018400
3019545
3022138
3023006
3023070
3024764
3025509
3028473
3029557
3032771
3033347
3033378
3034176
3034306
3035390
3035779
3035802
3037299
3037994
3038694
3039028
3040543
3047754
3049609
3049702
3050722
3055911
3058106
3061446
3062039
3063303
3063907
3065111
3065733
3065937
3066031
3066706
3067293
3072625
3073874
3075123
3078057
3078311
3078779
3079521
3079843
3080500
3080849
3082602
3083313
3083975
3087554
3089265
3089729
3091931
3092311
3095197
3101524
3101736
3102745
3102970
3103049
3104557
3106966
3109588
3109595
3111549
3114176
3119929
3120169
3121283
3122104
3123044
3123934
3126681
3126815
3127568
3128819
3129235
3130936
3138567
3140405
3141901
3144576
3146363
3147042
3147567
3148657
3150026
3154830
3155173
3156391
3156552
3160903
3161183
3164624
3165765
3165865
3166940
3167579
3171632
3172183
3172923
3176307
3179369
3180289
3181967
3184002
3184954
3185077
3185119
3185248
3186317
3193657
3194009
3195226
3195892
3200353
3200863
3201472
3202967
3203059
3203403
3205840
3206121
3208455
3208526
3209184
3209978
3212647
3213284
3219635
3220759
3221819
3222386
3224324
3225755
3227010
3229291
3230623
3234583
3236678
3238735
3239312
3240704
3241043
3243355
3243438
3244664
3244839
3244911
3245619
3248158
3248506
3250347
3250938
3250967
3252005
3254404
3255537
3257263
3258129
3259266
3259777
3261368
3262071
3262158
3263842
3263905
3264703
3265875
3266600
3266699
3267494
3268075
3269551
3273315
3274895
3276659
3277323
3278889
3280488
3283391
3283674
3286968
3288183
3288259
3290944
3295845
3296170
3301196
3301850
3302835
3304512
3306765
3308923
3312950
3316691
3317157
3319097
3319281
3320366
3323526
3324935
3329149
3329443
3334385
3335114
3338126
3338826
3342084
3353903
3359621
3363170
3366273
3366703
3366709
3366989
3367931
3369075
3369320
3371118
3372224
3372377
3372601
3372882
3372988
3373176
3376333
3376590
3377174
3380777
3383169
3383171
3384733
3385727
3386237
3394140
3394405
3394876
3398503
3398666
3399145
3401809
3405164
3405489
3406774
3408589
3408846
3409561
3414254
3420599
3421091
3421385
3423948
3424728
3429731
3431924
3432498
3432557
3437342
3439594
3444274
3446025
3449957
3451414
3454075
3455282
3457314
3457744
3458265
3460882
3461098
3466800
3468663
3470754
3478169
3478324
3480802
3491708
3491709
3493013
3493033
3493137
3495866
3496936
3498626
3498629
3499373
3499792
3502399
3502600
3504576
3506337
3512894
3513420
3513432
3515178
3518420
3521482
3526367
3528734
3531075
3532874
3533571
3534720
3540980
3541537
3542419
3542450
3543462
3543465
3543786
3547020
3547474
3547535
3553231
3553903
3554271
3555063
3555689
3556017
3556558
3556866
3557056
3557935
3562538
3564212
3567151
3567171
3567584
3567609
3568527
3569841
3571948
3577981
3578800
3579201
3580152
3580368
3583118
3583553
3584011
3584702
3585277
3586582
3587145
3587809
3587887
3590041
3592863
3593694
3594523
3598082
3599138
3599404
3600631
3611518
3613196
3614017
3615825
3616985
3617989
3625816
3626024
3630012
3631589
3634551
3634810
3636083
3637072
3641640
3643715
3646973
3652221
3653871
3656715
3658264
3659180
3665677
3669952
3670749
3671038
3671336
3671863
3673556
3678816
3679168
3682082
3683260
3685660
3686215
3686867
3688795
3689402
3690229
3690895
3691892
3695947
3699764
3700523
3701301
3701431
3704728
3705104
3709711
3711955
3712746
3714073
3717751
3717859
3719201
3722862
3723505
3724000
3724869
3727340
3727416
3729346
3730735
3733994
3734764
3735224
3737315
3741529
3742775
3742902
3744615
3746268
3746898
3748293
3750924
3755218
3755799
3756199
3756991
3759308
3759551
3762769
3762821
3763162
3763567
3763999
3765027
3765313
3765589
3769135
3770065
3770735
3770876
3771902
3774929
3775111
3775818
3776007
3776124
3776618
3777282
3777974
3780446
3783851
3785997
3787781
3792357
3796405
3796706
3801820
3803386
3804185
3811629
3812490
3813389
3814104
3816032
3818225
3819279
3827528
3827946
3828416
3830339
3834248
3835655
3837577
3839859
3840057
3842152
3843803
3845327
3846329
3848174
3849788
3851202
3855281
3857934
3860590
3860701
3865845
3873555
3874805
3875628
3875641
3876547
3876702
3876723
3876817
3877520
3879069
3885625
3889530
3891051
3892090
3892306
3892907
3894372
3894423
3894851
3899891
3900803
3901502
3901858
3903506
3905377
3905876
3909224
3909418
3911353
3911471
3912680
3914753
3915352
3916080
3918390
3919008
3919384
3921026
3925208
3925570
3926469
3931784
3933916
3936076
3939186
3941242
3944099
3945029
3945055
3946437
3946909
3947800
3948531
3951078
3951092
3951267
3954157
3954212
3954517
3954519
3956603
3957037
3958726
3958896
3959635
3960375
3965068
3965105
3969941
3970815
3971096
3971810
3972270
3975260
3976864
3977945
3979124
3979515
3983562
3984691
3987153
3987484
3988926
3989016
3991237
3991753
3992380
3992462
3993306
3994112
3994295
3995004
3995337
3995465
3996283
3996528
3997831
4001658
4001953
4002868
4004033
4004373
4005625
4008778
4011177
4012559
4016895
4017958
4018800
4018880
4020099
4022684
4024208
4026271
4026520
4026834
4027346
4027977
4029277
4030115
4031777
4035843
4035988
4040561
4041369
4042909
4044077
4045599
4047175
4048185
4051572
4052126
4053268
4054313
4055931
4058958
4060219
4062053
4065305
4066588
4067397
4067535
4070663
4073486
4074922
4076814
4076961
4077207
4077724
4080050
4080280
4080860
4082854
4084455
4088342
4089284
4089678
4092715
4097940
4098874
4104323
4108486
4110210
4110374
4113081
4116212
4117230
4121684
4122069
4122374
4123093
4123511
4127321
4128165
4128194
4128367
4128572
4129501
4131151
4135081
4136345
4136402
4137310
4138195
4138407
4139003
4143209
4146322
4147309
4147984
4148994
4151983
4153404
4154309
4154384
4159652
4160995
4164727
4164820
4166279
4169703
4171774
4172506
4173447
4173644
4176223
4179880
4180905
4181619
4181772
4185453
4185949
4185952
4186293
4187658
4188345
4188385
4189420
4189790
4192337
4192981
4194570
4197315
4200549
4200716
4200827
4203962
4207024
4212477
4213631
4214800
4217178
4218512
4218650
4224594
4225531
4226209
4229273
4232542
4234369
4236801
4241239
4241725
4242569
4243298
4243876
4244227
4245160
4245502
4247107
4247690
4253140
4254005
4254892
4255646
4256210
4257011
4257473
4261374
4262821
4264338
4267685
4270719
4271252
4271887
4276875
4277464
4278828
4279222
4280409
4281513
4281945
4284610
4285507
4287433
4288412
4288508
4289508
4289795
4292783
4292796
4293111
4293177
4294856
4295367
4299121
4300067
4303178
4307143
4308178
4309454
4309927
4311192
4311273
4311914
4313507
4314101
4317424
4317796
4319307
4320224
4320645
4321433
4324460
4327119
4327835
4328302
4328958
4329427
4329660
4329893
4330048
4332560
4336404
4340395
4341143
4344285
4345579
4349312
4349508
4350409
4350471
4350647
4355447
4355838
4356109
4356573
4359015
4360345
4361816
4362644
4365763
4366578
4369442
4370760
4372659
4373695
4378020
4380621
4381386
4383018
4384655
4385530
4387781
4391204
4392151
4395840
4396128
4397806
4399118
4403743
4408369
4408586
4411340
4411841
4414454
4416623
4417582
4420150
4420460
4421010
4421739
4424620
4427488
4431199
4431316
4431495
4432212
4432367
4434320
4435307
4439119
4440290
4440935
4445030
4445693
4446332
4446343
4446504
4446980
4447019
4450255
4456135
4458280
4462165
4464408
4465763
4469169
4469997
4470148
4472394
4472685
4473061
4473065
4476247
4476740
4479483
4479722
4481309
4483298
4484215
4486219
4486698
4487730
4489336
4489366
4502400
4502758
4503696
4505135
4507675
4509197
4512064
4512881
4513359
4514083
4514635
4514858
4515242
4517502
4518607
4518710
4519452
4521807
4524106
4524326
4524667
4528212
4528603
4528809
4529458
4530174
4533439
4535268
4536068
4537358
4539519
4539939
4542182
4542219
4544360
4545129
4545380
4546830
4548900
4550889
4552777
4554000
4554725
4556174
4556249
4557859
4560545
4562399
4563016
4564029
4567228
4567437
4568334
4570621
4570661
4576113
4579731
4580458
4580566
4581502
4583205
4584496
4584828
4589099
4590566
4590657
4591884
4596818
4598391
4598657
4599204
4600769
4602705
4607727
4609537
4610593
4610949
4612168
4612662
4612704
4613660
4617097
4618696
4620672
4622482
4628237
4628433
4630728
4633932
4634596
4634877
4635202
4635304
4635383
4637453
4637964
4642094
4642653
4643389
4643706
4645421
4646146
4649591
4650366
4653147
4653572
4653787
4655828
4661082
4662147
4664461
4666616
4667304
4669023
4670512
4672108
4672640
4678808
4680673
4682164
4683696
4689009
4690518
4691161
4692531
4694998
4696274
4697611
4702302
4702854
4703139
4704779
4706717
4707542
4707832
4709314
4715812
4716354
4717178
4722688
4723047
4728857
4732402
4732955
4735354
4736464
4738702
4741407
4742043
4742184
4742904
4743663
4744505
4745884
4756834
4758344
4758760
4759660
4760384
4763738
4763945
4764752
4772373
4775605
4776277
4777092
4781439
4781839
4785573
4789034
4790745
4791463
4793507
4793538
4798373
4799213
4800698
4801824
4802255
4803745
4806097
4806313
4806458
4807817
4810485
4810515
4811143
4811241
4811255
4811550
4815080
4815903
4820174
4820455
4821447
4823198
4828657
4829155
4830237
4830256
4830752
4833985
4839430
4839803
4843061
4843155
4843895
4846650
4846659
4850395
4850509
4851265
4853034
4853208
4857927
4858150
4862232
4862459
4862600
4865026
4866384
4867172
4868877
4869819
4872830
4873028
4876577
4876889
4877586
4878130
4880039
4880331
4881315
4881660
4886460
4887047
4888694
4890234
4890487
4892310
4893404
4894967
4896729
4898790
4900515
4903037
4903657
4904547
4906461
4907626
4907760
4908238
4910636
4911565
4911709
4913795
4915070
4915152
4915221
4915552
4916573
4919646
4920897
4921408
4922622
4925761
4929079
4929477
4930756
4932857
4933671
4934412
4937222
4937548
4939267
4940352
4940665
4943014
4943407
4944429
4944715
4944865
4945180
4946294
4949303
4950630
4954749
4958174
4959162
4963180
4967778
4968706
4969004
4970832
4973671
4974393
4975071
4975684
4976646
4977818
4978108
4981727
4982406
4983301
4983987
4985459
4986256
4986659
4988499
4990080
4990974
4991482
4995334
4995870
4995946
4998742
4999293
5001195
5001205
5001536
5002670
5003034
5006340
5006412
5008355
5011606
5012301
5014515
5014657
5016625
5020928
5021424
5022178
5022289
5022867
5024988
5026607
5026701
5028917
5029002
5030751
5031942
5033329
5034054
5035506
5038790
5040095
5040266
5044419
5044603
5045732
5047631
5048344
5055931
5056613
5058625
5061238
5061648
5064022
5064469
5067298
5067908
5073531
5074857
5076071
5076735
5077035
5078984
5079778
5079792
5081753
5082503
5083131
5083737
5083981
5085992
5090509
5091723
5094573
5098914
5099121
5099462
5102434
5103284
5103976
5108122
5108342
5108364
5108599
5108629
5109672
5110902
5112642
5113129
5115933
5117713
5121200
5121370
5124603
5125697
5129061
5129169
5132841
5133001
5134029
5138715
5140364
5140734
5141030
5143582
5144258
5144424
5144934
5148008
5148694
5150608
5150999
5155272
5159935
5161359
5162105
5163146
5163244
5163827
5165278
5168094
5168296
5173725
5174920
5177350
5177637
5179729
5182754
5189610
5190134
5190207
5191187
5191458
5192849
5197961
5202911
5205055
5206214
5209258
5210251
5210983
5211418
5212088
5213370
5215712
5217329
5218407
5219706
5220102
5221047
5222619
5229082
5229941
5231042
5234419
5235391
5238798
5239041
5239897
5240333
5240346
5241443
5242001
5242709
5244645
5250268
5252688
5255056
5255230
5255416
5256020
5256475
5260832
5260893
5264151
5268476
5268953
5277548
5278380
5279630
5280118
5281643
5283566
5284448
5286140
5287826
5287956
5289542
5289809
5292182
5293725
5297354
5297524
5303231
5303593
5306418
5307639
5307798
5309925
5310945
5313192
5313607
5313986
5317654
5321770
5321848
5322038
5325973
5327243
5331326
5331817
5333611
5335203
5335876
5337793
5339440
5342335
5344545
5344743
5345487
5346970
5349479
5353769
5353886
5354243
5354912
5355273
5356556
5358505
5359248
5359540
5361831
5366408
5367897
5368008
5370564
5376246
5376574
5378412
5379438
5379724
5381099
5381565
5381894
5383155
5383167
5385337
5390818
5390878
5392759
5394745
5396739
5399915
5400482
5402093
5402500
5402519
5404163
5406893
5408588
5410725
5411566
5414169
5414596
5417451
5417657
5419449
5426516
5427488
5431104
5431501
5431851
5432572
5433426
5435720
5439192
5439374
5440018
5444969
5445027
5445246
5446685
5448855
5449859
5451439
5452078
5454318
5455014
5455039
5455145
5457377
5458854
5460407
5460860
5463504
5464002
5464398
5464476
5470674
5473833
5477268
5479059
5483041
5485871
5486934
5487870
5489968
5490483
5491874
5493794
5497649
5498140
5500521
5502513
5504123
5508452
5509119
5510574
5513956
5517041
5523927
5524588
5526323
5527078
5527630
5531674
5534056
5536090
5536374
5537078
5539632
5540217
5540300
5542844
5543538
5544577
5547542
5548487
5555236
5555683
5556405
5556886
5557359
5557958
5564108
5564700
5567092
5570330
5571518
5572646
5573591
5577175
5577648
5578292
5578522
5580310
5580453
5583729
5585949
5588766
5589370
5590762
5601245
5603185
5607583
5608816
5609904
5612963
5613765
5614713
5616045
5623794
5624735
5624929
5625522
5628146
5628459
5632002
5633439
5636355
5636593
5637039
5637113
5640016
5640290
5641030
5641205
5641256
5644793
5645481
5645483
5646796
5653354
5654086
5655760
5656144
5656363
5656850
5665840
5667089
5668112
5671759
5674158
5674366
5674706
5675134
5675378
5675626
5675720
5678761
5681112
5685103
5688036
5689337
5694768
5694804
5696180
5696799
5697652
5698253
5699793
5702089
5703900
5705814
5705885
5708190
5708994
5709410
5710126
5714681
5715759
5716361
5717986
5721497
5722246
5723315
5723543
5723718
5724929
5727440
5729078
5732536
5734528
5736022
5738992
5740674
5740928
5744893
5746935
5748919
5748953
5749326
5749655
5749994
5751085
5751328
5752668
5753360
5755940
5756292
5757348
5759993
5761645
5761979
5762137
5762713
5764018
5764280
5767962
5768353
5768354
5769140
5770593
5770936
5771511
5772631
5773873
5782642
5784872
5784885
5787618
5792289
5793841
5794298
5802270
5802822
5804208
5805366
5806966
5807326
5811067
5814262
5815675
5817152
5818089
5820639
5820942
5825928
5829667
5830121
5835658
5836011
5838014
5843771
5845349
5846964
5853404
5854876
5856108
5863258
5866101
5866612
5869113
5871787
5871900
5875587
5875988
5877413
5880207
5883534
5886381
5889758
5895873
5898032
5898786
5899915
5900600
5901693
5902880
5903813
5904508
5904518
5908329
5908786
5909059
5911015
5912342
5913856
5915846
5915893
5917095
5917354
5917653
5920005
5921996
5922574
5922754
5923522
5924480
5927860
5929340
5936575
5937503
5939248
5940638
5945439
5947510
5947666
5952291
5952452
5953967
5957206
5957351
5959073
5961501
5961753
5965252
5968825
5969472
5971356
5972329
5975966
5977375
5978825
5982141
5984073
5988168
5989314
5989711
5991918
5992569
5993352
5993465
5994806
5998546
5999068
6000026
6000180
6003508
6005076
6007746
6011560
6012439
6016961
6017395
6019030
6019228
6019352
6019377
6021981
6022255
6022693
6022942
6022990
6024031
6024272
6028017
6028205
6031813
6034418
6035839
6036628
6036891
6037004
6041368
6041989
6043348
6043498
6045025
6046735
6047358
6051229
6051590
6051615
6054412
6054436
6055359
6055551
6057697
6059178
6063290
6063854
6064807
6065458
6067829
6067835
6067880
6068891
6072697
6075507
6075821
6075823
6076557
6079977
6080011
6080078
6082418
6082719
6086625
6087159
6089832
6090437
6091138
6092107
6092473
6095195
6095643
6096315
6097493
6098352
6098499
6099934
6101223
6103094
6103696
6108590
6109948
6110743
6110887
6115032
6118714
6121788
6122223
6125220
6125502
6126187
6129105
6129162
6129361
6129952
6131724
6132673
6132979
6139564
6140194
6140835
6141042
6141671
6142121
6142399
6143865
6148697
6149683
6150236
6151735
6153130
6154442
6155801
6158355
6161575
6162834
6162947
6163068
6164400
6164502
6164835
6165119
6166591
6166620
6168270
6168352
6170643
6172972
6176563
6176673
6178641
6181420
6184956
6186908
6188086
6188117
6194089
6195380
6197458
6197986
6210966
6211389
6215280
6215896
6216012
6216954
6217151
6220161
6222854
6223037
6224293
6226450
6227927
6228771
6228835
6231019
6231281
6232035
6236313
6237103
6238283
6238284
6239468
6239552
6240877
6241463
6241694
6241992
6243010
6246097
6249221
6249312
6249703
6251613
6252570
6254251
6254549
6254901
6255721
6257511
6258926
6262223
6263037
6265353
6270794
6274457
6275705
6277659
6278712
6279982
6280524
6284792
6285713
6286189
6287075
6287305
6289600
6290421
6290607
6290944
6291082
6291562
6292677
6294045
6294911
6298973
6299059
6300483
6302370
6302889
6303760
6304940
6306986
6309884
6310959
6312525
6313293
6315052
6315406
6316708
6318725
6318728
6320444
6321893
6323261
6323583
6327964
6331496
6332016
6332511
6332942
6340188
6340508
6341533
6341579
6342874
6342896
6343155
6344031
6347214
6347483
6349426
6351390
6351753
6353841
6358317
6358704
6358789
6362613
6363994
6365072
6370777
6372446
6374371
6374470
6377496
6378033
6379372
6380114
6381668
6383775
6384707
6389852
6390695
6391261
6391825
6392628
6393696
6394682
6397419
6398343
6401470
6402211
6405018
6406208
6412020
6417063
6418760
6432455
6433270
6433825
6437288
6440595
6442865
6444063
6445347
6450353
6451536
6455123
6456164
6457862
6460072
6461086
6462243
6462724
6464883
6464963
6465196
6466630
6468774
6473102
6476276
6476632
6476908
6477740
6480347
6483802
6485674
6487212
6490727
6492289
6498297
6499248
6501945
6503469
6503878
6504119
6509815
6512770
6512939
6513641
6514088
6516420
6516896
6517282
6519015
6519645
6520788
6521491
6523415
6526092
6530182
6532043
6532132
6532360
6542853
6542917
6543160
6545723
6550081
6550696
6551146
6552482
6554713
6558824
6564248
6567727
6568384
6568513
6570325
6571966
6572396
6579708
6580350
6583742
6585710
6587144
6588025
6588628
6589306
6591328
6593006
6593077
6595493
6595732
6597187
6597464
6597695
6599046
6599247
6600326
6601845
6601988
6603370
6604417
6606581
6607873
6608892
6609623
6609705
6611047
6615589
6615705
6618708
6619201
6621210
6621258
6621511
6624594
6625066
6625868
6626246
6627558
6632681
6635746
6635893
6638659
6638678
6639964
6640976
6644785
6647670
6649749
6649774
6652255
6654597
6656421
6656902
6656984
6658741
6660815
6660978
6660993
6661222
6661595
6662273
6663763
6664703
6669799
6670241
6672415
6675144
6676337
6677315
6677618
6679306
6680077
6680472
6685846
6686187
6687421
6689206
6691524
6694165
6694499
6697267
6702522
6703450
6704860
6706565
6707280
6708309
6710333
6712498
6713064
6714219
6717451
6720906
6724078
6724274
6727814
6728638
6730736
6731435
6733198
6733558
6736075
6738072
6743914
6745171
6748068
6749275
6749848
6750495
6751165
6751316
6751883
6752123
6754540
6754581
6758751
6760356
6762238
6762320
6763827
6764751
6768789
6768806
6771445
6771827
6776740
6778354
6778585
6780941
6783519
6784722
6786699
6788561
6789789
6791238
6795037
6796560
6799660
6799730
6802396
6802969
6803029
6803260
6805978
6808406
6808762
6810545
6811024
6812828
6813032
6813492
6813545
6813945
6814745
6815638
6820711
6820741
6822855
6823022
6825761
6828696
6832485
6832812
6833730
6833869
6833998
6835352
6835462
6836705
6838559
6842128
6844305
6844914
6849569
6850623
6851550
6852645
6857473
6864365
6865701
6868284
6869117
6870001
6871611
6874110
6877432
6881809
6882778
6883905
6884277
6886661
6886823
6887916
6888612
6888707
6888821
6889117
6889918
6891700
6892439
6893469
6895790
6897141
6897225
6898731
6899395
6901132
6903210
6903800
6904911
6905296
6906857
6906926
6908008
6911137
6912207
6912301
6912789
6914109
6914686
6915765
6916227
6916563
6917523
6917662
6918424
6925420
6926964
6931329
6936092
6938337
6941135
6942199
6943228
6945075
6945753
6948032
6948579
6948897
6950012
6950181
6950745
6953192
6953469
6955029
6955594
6957089
6958694
6960413
6960469
6960872
6961610
6963714
6964791
6968028
6969930
6971623
6971721
6973584
6985100
6990386
6991198
6991885
6993161
6994178
6998808
6999760
7001923
7002148
7004576
7005190
7007756
7008510
7008510
7008868
7009792
7010608
7011117
7014097
7018556
7023817
7025068
7026232
7026555
7026913
7027434
7027910
7028668
7030627
7031493
7031846
7032371
7034511
7037555
7040715
7042375
7048804
7049258
7050848
7051915
7052957
7055962
7058800
7060042
7060926
7061380
7062386
7065389
7067376
7067647
7070532
7071865
7073337
7074356
7076238
7080595
7081049
7084630
7084854
7088361
7088663
7089812
7090066
7090115
7091016
7091353
7091891
7091955
7093320
7098035
7101729
7103645
7108047
7108308
7112210
7114477
7116962
7121288
7121646
7122646
7123200
7127380
7130489
7134022
7142565
7145526
7146318
7146528
7148469
7149281
7150268
7151914
7153741
7154094
7156850
7156900
7163454
7165460
7167502
7168420
7173459
7173507
7174843
7175697
7176252
7177815
7178851
7180212
7180299
7180604
7184121
7186664
7189093
7190042
7190742
7192916
7194634
7195469
7196752
7197500
7197924
7199969
7200065
7202525
7203797
7209092
7209750
7213914
7217287
7217925
7218338
7219886
7224291
7224912
7225839
7231968
7232519
7235496
7237060
7240574
7242563
7243613
7245275
7247434
7251294
7253310
7253937
7256198
7261864
7262795
7263431
7264831
7267551
7268291
7269187
7271972
7272041
7272897
7279186
7279684
7280566
7282244
7282518
7282703
7285860
7287242
7289164
7293120
7294075
7295363
7297466
7298201
7298761
7300233
7301322
7304213
7304611
7307775
7309721
7311221
7311576
7311776
7312628
7314559
7319788
7321626
7322102
7322744
7325372
7326109
7327392
7330203
7332461
7335356
7335501
7335559
7335629
7335839
7337903
7340367
7341070
7343073
7343962
7344602
7345293
7346372
7346628
7346642
7347511
7348503
7349644
7349664
7349903
7350006
7350962
7351385
7351639
7352702
7354605
7359960
7361487
7361682
7363237
7367112
7367262
7368563
7368655
7368717
7369855
7373080
7376217
7379366
7380349
7381994
7385336
7386569
7393841
7396146
7397588
7398175
7398777
7399233
7402312
7403758
7404111
7404196
7410423
7410655
7412224
7412293
7414136
7416836
7417561
7417628
7417921
7418029
7420720
7421366
7424194
7425210
7425686
7427090
7428663
7429612
7429885
7430729
7433066
7435009
7435441
7438262
7438787
7439939
7439965
7444104
7445344
7448681
7449707
7449991
7450048
7457213
7457304
7457472
7458179
7460053
7460107
7460435
7460525
7460540
7461935
7462269
7469459
7470006
7470120
7471760
7473065
7475464
7477479
7478151
7479496
7481050
7482455
7483248
7483496
7485701
7487763
7488597
7490517
7497254
7497391
7500138
7502760
7510830
7510877
7513133
7514510
7515238
7516773
7521086
7525945
7529713
7531896
7532621
7534157
7536658
7537556
7539515
7544442
7544509
7554569
7555218
7555728
7557120
7557438
7558518
7559199
7559323
7559415
7560013
7560446
7560646
7562047
7565575
7568407
7569592
7569911
7575508
7576192
7577894
7578244
7578581
7579543
7580577
7582031
7582247
7583111
7583300
7584158
7585384
7585404
7588695
7589268
7589446
7593027
7595451
7596336
7599500
7601796
7602259
7611210
7612149
7612453
7614600
7615886
7616444
7616567
7619460
7619522
7619662
7623186
7624941
7628687
7629751
7631159
7631356
7631936
7635071
7637380
7637823
7639295
7642307
7643383
7644425
7647468
7653212
7655899
7657992
7658210
7659258
7660857
7662063
7663700
7664137
7664457
7664685
7664788
7668975
7670172
7670595
7673123
7673534
7673564
7673965
7674837
7677278
7677806
7678537
7679031
7679477
7684169
7685675
7693102
7695296
7696721
7697855
7700425
7701353
7703383
7703611
7703856
7705614
7706069
7710855
7715120
7718713
7720427
7720509
7721049
7723008
7723599
7723917
7732723
7734368
7736796
7738049
7743068
7743765
7745713
7746790
7747287
7748849
7748963
7749845
7750550
7754163
7757717
7759220
7759791
7759884
7762344
7764901
7769857
7770044
7770864
7773282
7776243
7779303
7781400
7782025
7784496
7784744
7785457
7787914
7788087
7788926
7790194
7790661
7790721
7791846
7791881
7792569
7794653
7803228
7805044
7810555
7811843
7816365
7817717
7817972
7820101
7821907
7822462
7823038
7825650
7829473
7834061
7839091
7839093
7839261
7845496
7845733
7847182
7848133
7851223
7852389
7853029
7853069
7854737
7855632
7858074
7861413
7861900
7865490
7867150
7868722
7869144
7869224
7870011
7872312
7873116
7873303
7875506
7876093
7879557
7879708
7880774
7881473
7883352
7884546
7887330
7897823
7898681
7901416
7902392
7902396
7902639
7902661
7904020
7904986
7907451
7909384
7911425
7911838
7912118
7914313
7914429
7914929
7915225
7916562
7920775
7922722
7927002
7927241
7927922
7930501
7931802
7933366
7934052
7934668
7935052
7938875
7938918
7939059
7939608
7941248
7941802
7942773
7945047
7947094
7947189
7947691
7949089
7951747
7953718
7954069
7955438
7956112
7957435
7957930
7959476
7960644
7963228
7969821
7969823
7973397
7973823
7978408
7979851
7982513
7984730
7985204
7986507
7987328
7987698
7989894
7991781
7991836
7992349
7999610
8001998
8003281
8003518
8005060
8005332
8009572
8015674
8016930
8017016
8019814
8020467
8021791
8023053
8023569
8025163
8028057
8028182
8031867
8032646
8033653
8034433
8035334
8037623
8038753
8039046
8041217
8041271
8041444
8047580
8049435
8050867
8051397
8051410
8051906
8054949
8056009
8057512
8058203
8062115
8062821
8064616
8065002
8068367
8069910
8071654
8071683
8072632
8073184
8075319
8075918
8075921
8076808
8076812
8077720
8081861
8084094
8087362
8087632
8089930
8093130
8098967
8099348
8101048
8101205
8103224
8103502
8104835
8107527
8108096
8109974
8113878
8114086
8114150
8114433
8114511
8115219
8115602
8117511
8117681
8117862
8118310
8119629
8121424
8122567
8122650
8126749
8131490
8132729
8133218
8134093
8134293
8134654
8134840
8136732
8139861
8143037
8146971
8148964
8149543
8149667
8149702
8149885
8152748
8153701
8154447
8155344
8157919
8158509
8159790
8159865
8160026
8164276
8165883
8169827
8170872
8170967
8170979
8171042
8171113
8171647
8173935
8174505
8174717
8177364
8178079
8183185
8184215
8184289
8184448
8185014
8188557
8189900
8190608
8192297
8194249
8195049
8198226
8200153
8200432
8204978
8205091
8205576
8209064
8209082
8215564
8217816
8220686
8221133
8225591
8226251
8227473
8230000
8237696
8241491
8244583
8244823
8246347
8246981
8249719
8251653
8252340
8253591
8254008
8254400
8258629
8259397
8260030
8261049
8261609
8265407
8266488
8267296
8271342
8273652
8275818
8275943
8277105
8277566
8277603
8278194
8278452
8278509
8278520
8280059
8282313
8283701
8285470
8290924
8293825
8294212
8294259
8296819
8298031
8300720
8302960
8303746
8304484
8305010
8306407
8316967
8319420
8321376
8324411
8325575
8325666
8331894
8332006
8333222
8334609
8334866
8334921
8337178
8337256
8337909
8339615
8340458
8340520
8341158
8344991
8345726
8346467
8346512
8349113
8349939
8355155
8362742
8367681
8371260
8372786
8373536
8374454
8374813
8378948
8379159
8380747
8382924
8382963
8383186
8384243
8384255
8384513
8389198
8390447
8391539
8391982
8392427
8395019
8398809
8398924
8399610
8401454
8409386
8409538
8409890
8415127
8417469
8418128
8418473
8419863
8420918
8421217
8421357
8421554
8422333
8427470
8428484
8429812
8429815
8429962
8430403
8431240
8433591
8433909
8435030
8435818
8437494
8441502
8441503
8442273
8442319
8442390
8443851
8447282
8447572
8448817
8448963
8452011
8452618
8452803
8457068
8460687
8462012
8463338
8463631
8464051
8464580
8465308
8466033
8466371
8469434
8470601
8470794
8475413
8475430
8480506
8481852
8484760
8486847
8487264
8491024
8491386
8494203
8496076
8497424
8498166
8498698
8500541
8501482
8504495
8505429
8505943
8506411
8509997
8511376
8512938
8514529
8521316
8523361
8524294
8525209
8526493
8529250
8532367
8533458
8534188
8535417
8540335
8542223
8544093
8544826
8544859
8545014
8545763
8548387
8554319
8559644
8560460
8561685
8561759
8566202
8568163
8570720
8570867
8570969
8573617
8575231
8577357
8577718
8579214
8580668
8580735
8580947
8583602
8588996
8589083
8589311
8589676
8589797
8590606
8591159
8592836
8592891
8594734
8594825
8595446
8598348
8599616
8602706
8603464
8604118
8604377
8605163
8606795
8608735
8610990
8616321
8621385
8627086
8628633
8629217
8632387
8637689
8639490
8640804
8643802
8644883
8646126
8647094
8648017
8648031
8651120
8652972
8654658
8654738
8656301
8656354
8657200
8661450
8661555
8661707
8663089
8664299
8664997
8669037
8670300
8670945
8678600
8680365
8681211
8682825
8683324
8684086
8685447
8685631
8686129
8688171
8688307
8691689
8691707
8692243
8692772
8695486
8697402
8699095
8699474
8701264
8701406
8701555
8710074
8710512
8711292
8712210
8712925
8714200
8715749
8717328
8727205
8729500
8730028
8733432
8734237
8735637
8736006
8737279
8739550
8742834
8743219
8743801
8743945
8745897
8747472
8748273
8750152
8751538
8754884
8758104
8760037
8761946
8763686
8765361
8766594
8766645
8766651
8766839
8768123
8771134
8771300
8772399
8772684
8774985
8775601
8776345
8779184
8781520
8782150
8782414
8783464
8784120
8784817
8786145
8788803
8790131
8790234
8791270
8791595
8805323
8805869
8807245
8807589
8809051
8813139
8813865
8814836
8814925
8817196
8819501
8820386
8820632
8821089
8821637
8822810
8830513
8831016
8831562
8832223
8832773
8837853
8838539
8839371
8839831
8841230
8843762
8848607
8851644
8852140
8855193
8856057
8856230
8856731
8858683
8859679
8860327
8860953
8861777
8862709
8863484
8863552
8865499
8868537
8869209
8869996
8871298
8874363
8878285
8879306
8880009
8883055
8883346
8888159
8891154
8894430
8898878
8901027
8902777
8903612
8905517
8910240
8910638
8911059
8911428
8912652
8914092
8915370
8916573
8921483
8923554
8926899
8927307
8927476
8927625
8931868
8931964
8933756
8935684
8939535
8939799
8942772
8943544
8945966
8951927
8955740
8956420
8957009
8960214
8961385
8964693
8965201
8965216
8965935
8966290
8966541
8967120
8969094
8970792
8972360
8974629
8975299
8977688
8978015
8986289
8987989
8989758
8990623
8992010
8994948
8995133
9001831
9009158
9010668
9011342
9013476
9019878
9020703
9024282
9025261
9028736
9029392
9029813
9032242
9032631
9033106
9034555
9036243
9037011
9037027
9037793
9038222
9038705
9041163
9041625
9042378
9049059
9050634
9050817
9054884
9055440
9057506
9059940
9061318
9061447
9064552
9064720
9065333
9066935
9071869
9074070
9075375
9075514
9076831
9077973
9079656
9080675
9081138
9082935
9082972
9084412
9086482
9090777
9093883
9093980
9095028
9095345
9098933
9099008
9100173
9102138
9102940
9103321
9103692
9106024
9111497
9112114
9112555
9115147
9115232
9115495
9115667
9117176
9119033
9122440
9123027
9125671
9127219
9127415
9133295
9134244
9145767
9145866
9150085
9152064
9154161
9155287
9155409
9156545
9156916
9159554
9160503
9163521
9165079
9166483
9167760
9168707
9171523
9171528
9172051
9178130
9178612
9180082
9180770
9182798
9183219
9183223
9187019
9187089
9187989
9189927
9191668
9191752
9191965
9192367
9195426
9196109
9200261
9201952
9203268
9203885
9203887
9204775
9205620
9205758
9206626
9209250
9209332
9211380
9216727
9217295
9218304
9218799
9220207
9220329
9221213
9221650
9223691
9224526
9224855
9225183
9226196
9232371
9235011
9235745
9240285
9244504
9246095
9247582
9248291
9252632
9253433
9254799
9255753
9256273
9257444
9257829
9258357
9263737
9264699
9266350
9267828
9268001
9269707
9271180
9271247
9271263
9271607
9271800
9274395
9275843
9276503
9279255
9280062
9281947
9283161
9291305
9293284
9295452
9296045
9296221
9300791
9301207
9301242
9301757
9303594
9303603
9306155
9312696
9315095
9317980
9320816
9321641
9322829
9326304
9326407
9331649
9334676
9339368
9343524
9345008
9345137
9345295
9345581
9347720
9351384
9354519
9354530
9354604
9355120
9356738
9361146
9364252
9367553
9368316
9370542
9373245
9373724
9378521
9380498
9382574
9382642
9382648
9383730
9387550
9387984
9390988
9392637
9393478
9393604
9397878
9398218
9398832
9399020
9401855
9401947
9402648
9402852
9404334
9404628
9404660
9407233
9409391
9413208
9415049
9415242
9418958
9420797
9423326
9424151
9427012
9427479
9429152
9430639
9432645
9433221
9433641
9434298
9434805
9437426
9437754
9439096
9441076
9441132
9441290
9443263
9444399
9450519
9453180
9455056
9460106
9460128
9464990
9466176
9469822
9470000
9470805
9472775
9473018
9474725
9475586
9476612
9477046
9483686
9483877
9484404
9484528
9488511
9489844
9490146
9492949
9495537
9495539
9496541
9500103
9501852
9504846
9506695
9507889
9510114
9513436
9514785
9515234
9517696
9518235
9518381
9518814
9519120
9519160
9519987
9522001
9523578
9524719
9529099
9530070
9530337
9531306
9533104
9533230
9535577
9538425
9539918
9541780
9543254
9543274
9543311
9543536
9547631
9547783
9548558
9548885
9550334
9551693
9554261
9555158
9557758
9558472
9558518
9560344
9562990
9563144
9567283
9570387
9570577
9571184
9574416
9575355
9575692
9577765
9578474
9581144
9582983
9584209
9584930
9586823
9592887
9593419
9597411
9597479
9598451
9598776
9599181
9600047
9600449
9601091
9601414
9605190
9605261
9607852
9609518
9610078
9611305
9617474
9619793
9621666
9623067
9623193
9624550
9626278
9627164
9627968
9628698
9630161
9632817
9633707
9634026
9634229
9634837
9635065
9635096
9637885
9638307
9639092
9640628
9642239
9643409
9646510
9647881
9648258
9649632
9651077
9651998
9653187
9653618
9653920
9655877
9657189
9658048
9658542
9659332
9663024
9663514
9664185
9665612
9666701
9668552
9668555
9668844
9669460
9669527
9670250
9671163
9673720
9674133
9678749
9680498
9680643
9680736
9682028
9682575
9683613
9685792
9688063
9688623
9690381
9693216
9695613
9701011
9702771
9703840
9703948
9705725
9707846
9709885
9714012
9716378
9717033
9717041
9720954
9721032
9721746
9722394
9723664
9723818
9725050
9725836
9725877
9728756
9728832
9728859
9730242
9737219
9739457
9744755
9745285
9745904
9746435
9752324
9756549
9757806
9758662
9759761
9760065
9760845
9763564
9763620
9764044
9770817
9771091
9771621
9772299
9779118
9780364
9781976
9784849
9786512
9787961
9788491
9788618
9789002
9789582
9791419
9791486
9793367
9794176
9795568
9796298
9798577
9802340
9804961
9805682
9809668
9809785
9809944
9814095
9815372
9816994
9817978
9818723
9820941
9826717
9827923
9828028
9833214
9836176
9836344
9836678
9837837
9839822
9840930
9841566
9842952
9845653
9847083
9848846
9852367
9852961
9854189
9858786
9864609
9866259
9869974
9872601
9881459
9882186
9882253
9886256
9887152
9888576
9889674
9891964
9892029
9892131
9893272
9895480
9895733
9895741
9896993
9897206
9897700
9898430
9899192
9899707
9902106
9903158
9904844
9906492
9907661
9909851
9913187
9914208
9914212
9917061
9917259
9917707
9918349
9919059
9919395
9920542
9921213
9921341
9924086
9927532
9927925
9928274
9928466
9928817
9928900
9929199
9930300
9932091
9934852
9935583
9935601
9935850
9937516
9938805
9940068
9945382
9945973
9948062
9948855
9953517
9959474
9962644
9970027
9970886
9972279
9973408
9982193
9982927
9983441
9984979
9986753
9989231
9992046
9994793
9995141
8840705
1673680
9004577
8748649
435519
6862245
2743193
5532323
7603991
330692
4682797
5789054
3012210
7185581
7274819
9762244
8481529
2762631
5143597
6389571
3745171
4797687
184243
7318682
4808518
309694
246298
5994570
3997414
4741486
2422779
3780814
3485206
5743501
3508986
9223400
710894
3554720
6702469
7814528
3221480
907770
2793755
708861
8614657
2958144
1191397
1759171
7055516
6093782
5377573
9365925
5088987
310869
942937
1491195
6894356
7812613
666558
8528060
1661908
5576551
8267149
8955017
347472
3624633
2177641
2738195
2367749
3918366
9212222
4962197
7851294
1059674
7794629
7397782
8417579
7194312
8409454
9433829
3951182
8480344
3287687
7046446
1454750
3705588
9112686
3890625
3132758
4350165
6673072
1661127
135659
3750464
6642425
3768973
1965695
834071
3175123
7979012
3737029
4055061
7944594
1284120
1192297
1684765
3589043
4905649
1452067
6854030
4847959
3790020
9393869
3334891
2686409
7043739
8913642
6885524
3843283
559851
4923295
971267
3324038
3249233
9237660
6687531
5520150
2176589
1114497
1267045
3602339
2524693
268421
1035827
2113226
9664967
185853
9832408
5668128
9793398
9917335
6563491
5652749
2462441
4361401
1877107
7320543
5459963
4710654
5058657
5827293
2928907
8333106
942917
7869049
8087746
5447809
1824136
2828912
3675655
6987058
286959
5563552
879770
5470557
3641693
2674785
513156
6694712
7397169
5181585
8455362
2664255
1303797
2837005
3709911
2242779
5772261
6930747
1171998
4163038
4291418
9449962
4792686
2280312
5780254
8108753
5469361
8931331
1580031
2819651
2107276
179628
1084791
7999091
3792104
3504130
884547
9006375
9969010
2873400
6033739
2283313
5636607
771731
4854304
789230
4456328
2756283
2971104
1365322
2292929
3654639
5065550
5798969
1546017
2512541
1857255
3188945
4164944
5040066
8625502
3795817
9650228
9351906
6129250
3405756
4236516
651933
1951613
2648797
8930855
3550350
9477255
4256138
9161042
3636288
1566339
3297638
3274106
5454236
5809411
9734070
9636716
2798103
4014468
5277087
3159439
9169928
7512407
8602783
3839614
4460459
6382930
8621149
5167014
7662450
1476708
97681
2820391
6157829
8848935
299262
7574624
5098358
1438440
1841926
7961499
1909723
3827484
1189671
9425857
3497505
2186731
7943715
3679873
2177188
4332285
2982519
1226228
3959565
4831859
3616917
3274765
3900870
7237869
4317443
6828988
3146225
5705229
9582015
6972391
691590
8373180
5761988
4118423
7619128
9304592
2301953
768821
2786976
9769897
113264
5624589
5238113
4964918
6021112
1525413
279835
7655525
8082375
6855151
1336398
8387302
1701119
201685
874403
754195
4175836
7926350
522933
7640565
5278406
1425213
4654765
4332486
9591482
9004756
4432925
7202633
7253585
4291939
8418691
5293672
1824181
2043762
2789954
5342265
617596
1221779
8200418
1565808
828808
9595033
6919894
3986185
3463728
2078320
2546253
1991091
4022096
872230
8549495
3440849
4841369
193974
184218
6285653
2392697
282905
4107799
1681535
8440046
406998
6397244
5151005
4683992
99519
147916
1090897
2810560
5556613
9411761
2177766
2289349
4767956
5693338
1457775
2818227
7307820
5378342
8120005
5870641
3932799
2968118
2886942
4914551
9119917
8595318
9051650
7535550
1464665
8662691
1066712
157246
7114822
2468516
5773789
2599416
2392830
8955520
3166263
8389655
7031304
4036757
8675403
2181602
5325007
9944215
5667227
500762
9245253
2092063
450880
4923582
6201760
2872109
2975465
4313053
1244154
2049709
9574893
9963822
6717248
9638870
8390574
1440979
5294878
1149424
7777434
1328992
4714693
3246676
8512774
997617
1511780
6921563
2275142
2809082
383031
2243666
1635269
6440891
8776913
7311429
2372805
4453428
2334225
9725907
1934630
7217921
3859149
1240287
3392812
1695284
1661430
2638920
2861262
1960989
2193182
3665252
559936
3115048
4392479
885577
2363295
9999658
4327578
4127449
3421141
1822599
5257010
4128356
6170909
3425224
5857802
6973113
2396252
7965775
9399393
6312168
2183054
6206017
8002393
1964774
9784754
7293882
4799032
3452437
5644426
7960841
4818199
1504161
3458162
9164448
5528247
2933901
7889252
3696063
1220378
2055178
3681405
4174991
6966877
7843542
3794114
8442642
1991332
7590176
3889316
6887430
6373010
907292
2493290
7702268
8072551
2725658
6369128
633055
1375343
3169906
4115567
1227675
6657823
9600808
630612
8184450
6769229
2774292
2473144
364552
784176
9933708
1456184
7351316
6328136
2209904
7527380
6154381
6994224
4650397
1372643
2311601
2221170
404818
5982006
7105669
8405931
3546713
267935
1110554
1135892
6834914
3030739
7968044
2171469
3655286
9870533
193362
6094413
1230857
5857290
803043
4370690
5129879
227871
7191821
808765
6513292
4932701
4542270
7314006
8058379
6452971
5014245
8805449
8501605
1325126
9787070
7034193
1639188
894114
2253986
3502771
524676
278048
832171
8176484
1777167
6624763
7090334
1619286
5544480
6898083
4818380
6039685
2516465
2925316
3892748
1180812
3218156
6396389
6513017
4293590
7665545
5183021
7231554
8754028
5114923
2078919
3676123
2872855
2815699
2621223
8626958
2671648
4578107
5203375
4947228
4732682
4192885
6423041
1228365
9047774
4112150
8636145
8167597
6912209
8177198
4445843
3865307
6390508
4520810
4052776
7909136
8987479
50801
2542999
5385310
4216624
7002079
1562588
9667919
7216950
9685350
1129757
928410
8912613
8385296
1360526
1662475
2083815
9140641
9464561
9365688
5711602
2614540
4671292
4429798
530589
1322720
7487360
8002498
8617443
4294911
1762995
9096560
8897425
6046146
560728
9032209
1362636
6666865
6211484
6597079
1197638
7616235
28479
2504121
6389299
5846494
7648162
9776921
4861628
7648895
4899468
3107395
8822565
979132
1985218
9286734
4403590
5485030
1974325
6378977
8536867
5185272
1542564
7847234
3052638
8278428
2443925
9689606
1970288
6074736
3208512
5766860
2868267
8277161
8061396
7654858
421029
5360355
7835447
3347019
2355781
3566087
4471646
3652387
2007719
463795
5143797
3719186
8380296
5301405
6340678
6133267
8641942
1988420
7358403
3553527
5358556
2701578
264436
1396108
7080863
7590159
8709944
6981167
437277
3650704
8651846
856776
5253672
3842442
1501931
3130585
1701058
2383333
2041623
6257811
513899
1498502
5786695
1999259
2118429
2188651
6800028
3747905
8205583
1180301
3906244
7482595
5083185
2805098
8164168
4591603
5834958
919849
9306408
3476782
895632
3334510
9263041
498099
353195
3434580
3754986
6650139
4968917
8049061
3479603
8952215
6544620
1732993
4282926
962242
2519367
8779402
9528704
4381408
5070529
7056025
2170506
1391704
6092711
4635911
9848853
4638207
4266527
1003826
8442390
5544910
9036939
9885215
4578443
2859010
6149849
3624675
7809445
2347426
8798969
1521176
5680966
6497465
9284096
2384343
1824079
2511802
7850254
257214
1400373
4467390
7006577
941194
2289835
5630323
8722290
9666800
3115374
3724316
4423670
8130004
1108880
3536024
4217873
152468
2549197
3118644
3803567
5435031
9887049
8788520
4522722
8385292
7930618
4819065
3878429
9121850
3704946
7526045
8984617
6991480
6802831
8166609
5033403
7059192
8435296
4844928
3810538
4369750
6653610
8480259
1644106
2454366
5966858
9581749
1843304
9469543
421117
6549128
7684271
742680
3554437
2005573
7802470
1349694
1596783
8843230
9602711
7968668
2898579
7942710
329893
9107746
9339306
5914460
3212921
8876837
2889642
6743091
9578927
5431037
5956927
3692283
9900884
3919926
710165
1468401
1453424
8156718
5048996
6311488
2178027
365808
7884336
5196113
3672261
8815321
8739202
4717779
9928309
6865656
3314698
5148356
5675701
7565467
3154867
6421978
1219747
8799800
6762791
5481201
2337857
5347216
4031170
7693690
8881990
55407
9439836
9886340
9564516
5927236
4324142
5309392
1488013
7168401
4147137
6115744
798646
7443879
1196557
4241147
1633798
7290712
3009424
5335129
9032704
3561210
1512550
8077320
8513035
3975216
8755799
3112607
8863390
6233491
9430531
7801681
7251114
8826912
2515592
5598984
122944
7545974
4658335
8675904
1635025
9059793
5684722
2188141
2688383
3072148
6166890
6495993
3284968
5117634
9311859
5041531
3327239
5949573
8321092
6691685
1936799
1617734
7440295
5703360
7800946
1558897
2152857
8052929
5874454
61884
3453202
1414101
1733046
5975846
2589548
9932828
8514573
8045342
5885257
4723541
334618
1191516
5422523
7020188
7435138
3929754
4878696
333059
6155153
3303338
2177617
5551504
8087847
6680097
9611126
9637206
8018606
9238883
4106036
685237
9228949
1206777
7625799
4462013
2547573
3597050
1378866
4611749
2354335
4828213
4025446
677714
5415734
2030242
81302
2010931
4230772
4758342
3254044
1459025
9784464
284241
2862834
3346542
3687718
4087908
8929401
2073558
8953072
55483
8851617
9497471
4042163
8171402
6691838
108260
1768523
6791812
6078767
6048801
7370931
2605160
5711941
9253004
7984300
6322447
5918251
5163949
1168717
6239975
5585795
208917
5545158
6170846
6022614
4554341
8221411
9550462
5673476
4872004
639519
6782185
5828268
4103184
4337750
1468419
6712767
4332434
6132410
2086534
9226691
3374594
4951581
9854894
9139171
8869951
2748712
6870699
1628547
7767944
4309668
6657862
3339033
394801
4642516
5778789
8320535
7053240
7182942
5875300
1288477
4277089
3621418
6949323
1861382
9925163
6409095
5813341
9309927
2451741
5611517
5037024
9744821
6603884
6548955
9067333
4223662
2195558
2936328
8034328
7654961
9920744
5912857
681646
5119494
4790766
5579849
1309609
4322450
6808862
3311627
2936052
333680
3504300
7507270
155633
876314
8787958
7378376
7231354
6172392
5904112
8694669
8956256
6648150
4933166
1358485
207004
5471351
911965
7478182
6259049
6136106
6048609
9402098
4945805
3849585
9993405
3952771
1948842
3499513
8084823
8596750
5693526
2395115
8541758
2659325
9112988
8696639
1928357
7958877
9877305
9225428
6521538
9367902
9255420
9506843
7791118
6938180
9057047
2746070
1068728
1195630
8477470
6517218
3523149
3626991
6635210
5560189
8314330
677421
7192405
1164213
6159887
9139696
9591024
2270615
2885843
3032171
548399
3141264
2821560
1265960
9839782
7427259
6751770
5806271
8322683
5927919
6883734
956538
3142136
7820362
820330
5196828
5704435
5170095
3636039
6692585
1542954
5246402
6822329
6887535
935288
1616011
9868622
1224517
4359902
6359331
8850153
2375491
4671111
9090478
5238777
8745665
9181728
7938234
6358707
1868056
1809454
9445762
1857995
9818200
1391567
1014390
6249448
6724632
7907607
9906087
1609999
445175
2400359
3779152
6642560
341830
3579056
5089159
8056164
717558
6671663
6877684
1152039
2456042
8548230
8517435
1988814
4636395
8031574
7022163
8955180
4613403
9816171
7590814
5840634
1001775
5886330
5201864
9490043
505982
8293170
6514881
2646893
3441470
1679640
8249182
1047971
6320035
277732
4344242
5918553
8326895
9215986
4986952
3605919
3625525
3605245
1901567
8681569
5824081
3534507
572513
7563892
7917952
5142421
5923548
3316163
5336459
4552143
8151170
4625547
3703848
3606531
3981242
6823916
5304315
8161656
9378113
8970888
453353
4051501
7443
2557350
5370593
9766129
1483004
1316683
7062736
9103385
1529543
6785147
6470489
2227987
3489399
681769
3880795
747159
3716360
7792566
6548887
5179471
9095753
3918725
9333138
6830504
426942
5627441
2038331
5415758
7956236
6221486
8352324
9359270
1625503
2465502
2198631
764234
2419491
4108664
6707187
9899131
4632663
629517
9573171
5531707
3202290
8707810
3249545
3795883
581470
6834563
6944429
6310979
6136078
9744077
1836562
3495927
9859083
1922338
1077258
5370276
6444915
7813327
3670074
2706365
8588735
883806
9731018
7181186
849487
2499847
8465400
28592
8784989
5322668
7575588
5232961
2681988
6192659
7847857
1015665
3497215
9198541
9490546
7532273
3810972
2096035
2464813
1928363
8291425
7371996
1428988
7657548
510704
5818666
6478636
9144244
9763066
5118727
3980563
3681262
4052772
9606281
3372111
3443772
3097648
3635404
427171
7330522
5113819
390000
7460513
1939369
6065149
4948605
1869149
3021077
8587221
6516870
6184071
8338696
8443109
5310532
9336599
6583996
8671548
3784159
7717006
6614062
3615941
3979213
961295
6523971
2144061
5531875
2757384
5956898
7066963
8206097
3032508
1400291
1626887
7902331
2003622
4601156
8167999
8483906
4992675
4406221
1995353
3795417
549183
6253455
3118738
3401833
8563206
1450037
1298718
7467089
1144076
8959782
2843593
8964552
9650354
9969460
4192197
1045053
9658037
9471898
2238763
8962551
9110842
2612653
1601439
7685437
4937777
4217083
6239607
2493641
2490185
7490722
6589989
2865844
2922595
7597680
8937820
3322035
3834838
7207652
7665628
1813245
4927669
3427009
2914069
4368765
5094863
4528607
8479356
8019263
6322739
4290266
9786857
6477486
444245
5387437
3391501
2768583
8348309
6998332
2979929
2329585
217676
2498815
783011
2368465
3866543
5662182
5996343
2687579
8844283
6719497
7774571
2005953
6079098
4159371
6002446
8860958
3252366
5601171
3036143
5438388
1289192
9734180
9421916
6357692
3797232
6183386
2445203
1791071
1319688
6489846
7438904
7226565
3815582
9812317
253910
6729354
4301058
6606933
3762059
9398140
4304828
8636665
4565352
988928
1482132
9289895
1532381
1312718
7921226
7015885
5382736
8880786
3823429
9505244
2609783
2882662
5778548
3383378
4065531
3238893
1696779
9218860
8235609
273367
9169021
8654121
1261127
3307374
6500431
6240688
8889490
6140883
7300731
3717558
6393445
7836825
2481377
8273052
2779641
1799452
7096247
8765513
1107686
5169958
2982379
5959128
4717283
3446601
2399308
4284832
7220748
2913688
3082643
9807702
6982124
4508871
8024129
4487635
289197
2102742
7192115
1684943
8132211
1665196
4451350
8967152
4546055
727538
4273388
198218
7945020
1543074
8451141
5786010
6215168
2093027
4496954
6122684
3698002
435129
1891785
9129256
9556552
6656448
6331462
3630089
6310538
4499285
5574420
4626995
6489651
6308390
632219
1484835
5602593
8043865
7848411
6015151
7668857
9110002
3413606
1822049
4257341
3009577
7299371
3858305
3301923
8966451
9759215
8370058
6213814
6970663
6542450
8100742
421042
4923559
8206925
5370789
566966
7436818
1681886
6193143
9642937
3765600
3580823
2641695
8758543
9812521
2640138
8756309
2903173
6331336
1756678
5814452
2887162
1588142
9214074
7761765
9001234
1806847
5428840
9898995
6633673
2269969
6622203
3223329
6418102
2578909
5611834
9930408
1786988
6963807
4494891
2410294
977944
2207467
1113273
4251710
4288145
2169621
7214317
5904472
157518
5876170
4649171
3659718
3335900
4881939
4497437
6285785
527127
6274019
7719739
9708993
7703688
2389347
5584069
8257773
1326207
4150954
642652
1199855
8728131
5709196
8051804
5044467
1642289
2885583
5151454
8159369
1405328
9657463
9385225
8821761
5976992
4218268
1612321
3089520
5720605
1580479
9313696
1643837
5533256
1669012
2693474
247830
5421282
4241456
7518863
2709719
8574509
670334
5697724
110733
1626215
4449483
8457475
7512953
8018498
4822289
5303836
7016137
9010463
5988517
5835880
2916847
8110748
8948753
4843317
8814517
3284436
5624850
2772397
8404343
3001371
8187433
5936749
6057851
8580769
937893
8648478
6449438
1272947
2920613
4026212
3512322
4104698
6300945
8189818
4783305
2048389
2782132
3578201
1082454
291365
9498753
5829559
8231386
4591702
435936
8129690
2116107
4310584
2520757
1781807
6446868
1912963
8153776
5050812
7736666
934568
6406109
2836316
650384
2135422
2650501
1627921
555394
3123689
1058924
7845613
2672237
2503936
1771079
7064191
9521886
6630409
2207149
9709612
4913554
2005825
5127629
365338
9663471
549971
6587016
7264659
6009445
6158884
2675653
3184800
2568733
6466875
2780967
5641822
7293802
1427900
5508848
3131493
2821020
4431947
6322794
1310851
8822131
7018297
2334798
7185590
4838117
5280446
3262055
797614
2907214
8506079
6586517
1615330
7811810
9108590
9618298
3343869
160613
5556806
1021441
8216945
6949242
3742439
1024213
8509293
4213425
9236196
2523946
8540399
2922762
4799460
695179
2642594
1642296
9644999
7039071
757538
2010022
6146672
5881618
1099357
5280240
5754076
652171
9758471
7844341
1863097
1590938
2701950
8694527
6550443
9549906
8303018
4100089
7572797
7809941
7073139
5009482
1427504
9627567
6201902
9348190
9615546
3055659
6705820
5631566
5648632
8309466
4663449
1482608
4418134
8594640
9511706
7084276
6581991
876270
9804512
9877420
3805664
9133099
2992117
95806
9926954
4787291
2690405
8979011
520883
4665580
6236997
6016592
3499891
928879
2790980
5657100
1177911
4170084
8673811
1432530
1924396
9660504
85977
2368622
9960220
1641456
9341962
3522881
4892194
6668667
7222081
6167803
5442996
1252883
9762437
1350972
7643686
782447
8177595
3174242
3804741
5363359
3870148
408958
1414038
1749831
9486737
7918263
1473944
1872586
1707501
4275255
6604580
5904776
2446500
8763602
2454841
7236201
1763969
2094192
8463362
5460388
9264920
126759
82841
8390374
7314567
1650929
4031332
2965362
9002725
7094288
6403618
4040015
5980428
2303607
4283911
6128233
2841571
1210756
2723055
9507907
1329700
8442523
5726188
627796
992692
4738921
200225
4268448
6602355
9937341
9257866
1911071
6574031
7696969
5946950
4329427
9569159
2081512
931778
2215546
4751782
1556926
7137390
7484650
5983542
713670
7578754
3751098
770573
4013229
1034078
5231599
9233361
5615840
7675471
3129288
4587857
6628273
1962375
4471196
5303131
4234508
5656639
9300869
2109340
5607201
9758987
145657
4501310
9865727
1972651
7738882
5800186
1308038
3639749
7867333
9508884
5713107
9805389
1224450
4656629
162178
2595381
3984036
1596311
1832656
7536436
5088238
8171589
2358100
7958261
758602
7335170
475054
8653716
668373
7107896
7876566
912371
2907041
1927500
4851504
2250510
9660713
372264
1660255
5027107
6060637
8965551
89436
2760706
8334823
1257481
5610901
6452
481648
5241858
7181733
5492004
9542047
414251
6853787
4620883
2974905
5952377
9909082
4444359
7418889
3918216
9662842
7587804
5183453
9472378
8138228
7897819
1055504
1963144
8301859
5264336
6670407
2167112
6888346
3726574
7823135
7768332
4848310
2671495
6348359
4433079
3059612
7844148
2613049
6020652
9905680
7762666
936705
1686391
77401
7016453
6807152
2220968
9154373
5536916
7964792
2884091
600047
7953258
1207439
8713000
9025262
2381003
1678341
5444328
4921906
6155494
1250173
4634345
7536234
9076522
6616495
8283528
6546804
2078480
9788696
3585165
9845697
9164897
1490209
7698221
537286
4577516
3476425
3421100
5560156
9373927
3132049
1871188
8538390
9850375
4027253
5063269
2805035
8178738
9358782
3173813
2171167
5430849
5590516
6554772
5993732
3781015
228999
3923186
382768
9880938
9855101
9282411
3743945
4972898
2695345
7297077
7431074
9870455
3345225
7727906
9298525
2567216
6183890
3560785
7311774
6340493
5038523
3367429
3761766
4794778
3637908
5532077
8260753
2863971
7243549
134634
4212760
8825155
9444958
3380224
147798
9891900
785695
4903952
6365264
7018778
9918944
888188
2970262
4970915
1346980
6383462
9784690
7181320
2442584
9163366
1585322
9973526
9965776
3418835
5159957
4332576
3656458
3311438
6448365
5803792
174480
2881969
9821976
1422112
5286614
259009
6548325
5358186
2237236
7456907
3081549
1741466
1318734
9734902
2564021
2983061
7358820
9168605
4265881
8378860
8661637
2635581
5893635
8791056
4148003
3910335
3826704
6710809
5836116
7121438
8382701
7672737
2344282
6959063
487468
7105229
2657016
7567405
3628308
823316
1087622
9539470
2209710
9699684
2401650
459422
2737887
9876882
6860183
2217121
2989375
3613489
1191962
8421203
1744361
1701367
5526593
2610681
8756639
313869
1807044
6414484
1672873
2084174
3293003
2167946
4118819
9593721
8791470
8909595
773134
4801906
2868997
8035491
8711935
2317040
2173791
9683311
6395469
9644643
4045717
9356072
1341289
3803455
2687072
6611222
6542539
7696526
7877375
6005027
9919921
4103220
7641428
9717204
2369955
8461163
2540035
8522045
2677107
5279139
668493
7696291
2812678
694713
6905278
6200804
6519082
4099871
4444274
3200410
8039896
5246571
1439064
6020752
5386904
466877
5327401
5739954
4761828
3224897
5207123
6215355
8386377
9986817
2086140
3052268
3587051
8548042
5465129
512809
5426944
1690978
9729375
4080308
755952
1254069
5594789
8664583
7701018
9181087
6018148
1024426
1767566
8954792
3350406
6915248
3209867
5518933
9115076
8321526
7749058
6797899
9819433
9327485
3798181
4835369
9623901
2403690
4143812
2346160
5480511
4359927
2253151
5429412
8635157
1749066
3600570
5286540
2243398
4049432
7211290
1641372
4515189
1492561
3269512
358237
9849389
2348666
4664254
3541919
8955159
8870259
7480736
5656306
6561912
5064377
6076196
4211996
3007173
4370919
4431006
3529172
2453253
688866
6689987
3966067
5962499
334345
3357985
4752453
5216233
316321
6746815
7184843
6454133
7648544
6254410
8270512
7216162
7615332
7717385
8346975
2471424
2513108
6826346
5008681
4753155
4764238
9935583
4622137
4894099
1260782
5548078
152276
3106563
6757945
4595933
6480727
7443770
6674546
71718
5794181
5030722
9883856
8155055
9437644
8234558
7757656
4877510
7804159
9414747
2676866
8769169
4386931
6655801
684922
7778872
2331118
5070819
2577783
1204805
4817927
4868587
5615091
3010920
1995817
4236317
5783809
283736
1181572
6576215
3581278
2777713
854856
2839084
3652361
6299034
3792627
2540157
9018602
2096967
6677318
9267854
969650
3022170
5219507
3716472
6911046
8098664
925903
6182666
961090
5432599
8566131
8461466
5342736
1533336
5963825
9840817
4261376
2553601
5555887
9654896
5151573
9948443
1627521
379588
1796299
5310486
5095312
5723301
4057843
2634515
1028528
36233
5081072
5310165
6685173
5400094
5768022
9813909
5639623
6464774
9724716
7567882
3922310
2292299
5409724
4721637
133659
4798016
8636919
1266738
8923952
9917739
7534925
4790701
2117334
5766989
5690951
9929553
5697098
4718088
7147247
1584671
8487977
8960814
205441
2080685
1019487
9249359
6532844
3323245
7813362
5881000
5187095
2104596
936187
9013922
1788602
6164031
1954963
92127
2379343
6750668
7062280
882783
4883882
6835713
3767052
2603046
6723863
9958286
7085667
6687330
9324704
5436683
2018888
1881230
5934842
915891
4065263
3885843
3582269
2916428
2833657
5814604
6274148
9929304
8801641
2657053
424469
3360351
4338830
5312241
7700318
24029
8157668
8578878
4312105
9217111
3942991
2482249
2300647
5534765
2021335
4288842
9376296
7895229
7808445
9633411
6508775
1394504
9419754
962125
1984460
2764690
6789658
7005396
3423605
9480189
2209510
8009895
5448883
235221
7606252
4740413
1074706
8703847
84731
4978425
6914933
3864745
8348997
2401393
7090082
3161022
8711331
3140543
7729607
5624003
1500537
5840714
5282768
8279485
185750
4661127
4894792
6289407
2510026
9799600
7939627
5479449
3426437
3094604
9023474
7803895
8085223
5539728
7457147
7735493
4989847
9029684
5967521
5256645
2964446
2576092
9645453
4049427
4931601
2686897
4345040
2207074
6180159
4931344
546252
5821438
1556450
519080
8064016
1831621
5399386
1946256
1441055
4370820
5483593
2090426
7292259
9901518
5795303
3612966
6782330
3464546
8637131
5587499
9422310
9736451
402970
4439593
1933303
6695430
5290199
1377537
2031229
1184988
4571323
1256628
6199464
7010276
5432519
8991065
5100138
5516000
3870171
3829619
7725660
1470222
5011394
2189591
8837902
8077486
7038416
5518606
7610334
7454628
8933109
9323095
5286814
3313281
9189913
7340845
8652668
1416644
4979306
799288
8568028
9307975
106324
3699664
8931908
3348452
5900528
7476460
6919709
7989101
7719780
2473689
5077142
2361786
379385
4035995
8067252
6255053
1208143
9311571
3530720
4750487
3319802
3331130
1214499
7982484
903294
9582519
2851786
7216193
883717
4999215
5248031
2669379
9806739
1012947
9251924
2422448
2881917
4001814
6406220
3609823
8453697
3824082
708903
4705799
4426376
9573085
5452305
4478763
3897851
7041038
1783644
2917178
3285807
2674788
4313753
3529904
7867965
4976180
2842282
7720810
8599422
8770019
1692974
9587971
9640354
5590609
2782245
3453532
4026560
2056641
6537149
3869578
7805143
2739613
3644907
5234207
16227
9948141
3468643
3439757
4873843
5721009
7168008
9730672
1083292
1962331
5382034
3283789
8414995
1257312
9767052
3436789
7783971
4122622
2030738
2050717
8180696
9675938
2594616
210422
8364216
5017289
5396274
9237943
2405294
7756921
2147447
7378190
647953
1725574
4387326
9299152
4891591
6214979
5125042
4189242
9493049
1364633
7611433
3421606
956586
7566436
556170
8852092
4035940
5472791
5785986
7813468
7590558
325923
2473863
1110853
917007
276147
406469
1751241
8998254
8945537
4932310
6251511
5306972
6336924
5689003
2974412
4751827
437662
1648998
4753523
9608603
1827886
3065705
8662854
6447152
5551805
1971427
7290683
8757024
7967904
2775375
5065688
6604059
7936207
545479
3129672
8836530
6076815
6850927
3968930
1425141
5178540
8105876
6069520
8191475
2451361
3420828
4735495
7786837
3605456
8956343
7310893
9210482
9010393
8022354
6881165
8742131
680862
8883627
8126854
7310893
8250401
8870754
2598632
2022740
9777785
2432906
1469992
9827638
2130224
3454350
6543046
8417688
7800232
3954527
5526234
6199604
1918364
5595967
5706137
6937443
9860707
2212856
3491685
9784765
7724276
37194
6493481
6039899
7363414
1083296
787917
2157402
9208776
844085
3771379
5605766
8388801
468375
7101417
8207300
264984
3990852
8573294
8691462
9391744
4562328
1715520
5773179
2938877
7194197
5076714
2966537
2618154
3762929
8256205
8762433
6914860
6413773
9782778
5721541
1782357
659283
7031614
9543815
3193826
9560835
1113370
5515541
7344932
7583449
8520131
1351473
7397212
6616310
1358520
5423343
5811736
8378970
3586313
6320253
3819912
4090938
7932691
685039
1428924
9938627
6351619
3705456
3762653
397092
4861282
3930774
8742050
5204817
5650298
2398094
9028505
7211374
1765589
7348846
1004823
2230611
1368425
4470289
5789346
6335262
6747015
2133230
7932415
2606047
7814769
4583399
5993668
5247430
9920168
3132241
7031143
8418330
5935000
461083
3994275
2428942
3711042
7553678
2699698
1112885
9614872
9675069
3486955
846861
6511588
817733
9738728
2671405
4867701
3142304
9347935
3709503
3641582
7969698
1815611
7842659
4341258
8851989
2147216
3206582
6203654
644216
9919296
6253224
8792405
8270087
7204608
2270949
5825615
8007139
2363583
6647008
3142421
2350989
9236599
3515900
680514
7895940
5885076
5064843
2358465
3885342
4628404
2308567
1966324
5156518
7865043
7629116
7503101
4319564
8332560
5956912
8873083
1463012
9448338
7558840
2733733
9434490
4146741
9060590
8675368
6073199
8788626
6065287
574905
6544502
1127616
8355061
4673846
8330482
5710238
6074000
3396622
5783684
9210962
9867353
7249108
4457394
211358
2179130
187777
4188067
810475
1490622
8646627
8457580
5456038
1376021
992800
9254860
9951695
1633217
8118423
8691210
8884368
7118372
3787928
2793939
1113367
1741772
8200861
5997849
1651599
8544415
9356296
1546635
3434938
5170711
1728645
482375
3030880
3694054
1572316
5745757
8270307
3974145
1055652
4867378
2740985
3760966
9332592
3718679
8120967
7245034
2841843
6916342
8592405
3722997
9121525
2659215
8958604
4550485
4901962
1068192
5713625
9237142
6321203
6042178
6760129
380563
2981894
2696402
45661
2800807
3701282
5342061
5359923
6038684
3996470
5209426
3796415
6318678
2564107
3128674
4382769
3430216
9328189
6510396
8162475
3400397
1190883
7829759
6118069
8548711
9215322
7720969
1721430
7248841
5024233
4812073
2210480
1575568
6023513
7198055
9087373
2024753
1727424
5806794
8066799
4740961
4246179
3825938
1886711
1837248
3501851
4043713
2399770
1422435
7025935
2331141
2702313
2736163
4272614
8297467
140795
489566
5853475
9522466
410057
4103408
9233096
833508
788811
2198777
4468158
3003710
1530200
3776589
5859487
3850024
3510649
4687505
2925731
6299708
2502076
7490806
973156
1391057
7262065
2449389
4422925
4134613
5055250
4213591
1109998
6992164
9760110
2467618
8871679
9898501
6955321
1392555
607093
1624397
3497008
4769892
7774325
3738089
214296
3999590
2088460
7760832
7073932
6111225
5843545
7919742
1704986
7594060
6788536
9263429
9447179
2480218
4767080
8210144
6292980
8092395
6001125
6045075
8938645
5280302
3616693
3680190
6017560
9706396
7566455
4212827
1421131
3089494
8229840
1824271
782098
1714870
2903807
3832596
9578695
1799166
4938938
6163185
2506044
3529139
3258878
6458416
8881914
2803217
8221744
8158839
9373168
7131951
2075290
5842629
1240953
7237393
8859258
7460997
9346108
7266596
8270105
4387278
1225897
6339643
9080670
9670116
512931
623292
3993884
3624431
5122293
6528859
7668085
6626312
2059765
6252389
409243
7972406
8768345
8581944
4289073
5431005
2789041
8918056
5218941
8992295
4933907
4520645
7272350
8296995
5282559
9949116
1656516
9502905
8678343
4541621
318495
8724783
4672937
4630629
2085097
9040881
4535683
8170018
5113477
4489145
3834470
4780675
9744458
2981943
8223608
8763702
1511944
8345044
537176
824881
4427119
3721709
6498490
3225241
8665447
1442423
2097387
2101226
7138146
1186170
341072
513487
5918935
3207642
4587109
8417952
1582971
9448941
6178524
3937405
5270727
8853281
739483
9962812
4227352
2043472
7849863
2623654
8907164
2195352
7445658
2505679
8509944
9265276
1823505
3439428
1613648
6498291
3875748
181872
5844986
6055160
2905301
6928286
3211080
7598260
532709
31518
6893378
9592881
2071902
2267941
5980177
7754711
2119353
5319488
2314927
7315068
1993433
1578199
7943184
1034745
2692433
6541582
3283182
7328669
7147277
3970933
5049553
5092718
5267455
5532
1854812
9400433
6979975
2094460
468255
3760652
9302037
9153356
9086698
9290285
8891675
1135079
9071098
1923346
8453549
8314415
179740
3327808
7346322
3947430
9024990
6228211
2333034
8524941
9321956
6446813
9963613
9343428
4215698
7936931
7700802
3690747
9290934
3553493
149747
3322865
8382179
5036511
1394655
3768802
9995832
8540855
6258658
3453845
8089178
3856328
8357959
8321036
7224101
6649779
8067958
2118349
9884062
6564279
2999969
9487597
2120621
2750747
4768836
2784206
5307753
5378413
7011170
1066128
5442520
8263805
8681372
1951506
1840862
5725630
6276584
1193113
6935809
7604043
8129202
5361565
1847154
8932150
7999860
1349319
4475892
8513168
9537378
311928
1952896
7863622
6959533
431977
9339986
8734549
4728700
6529559
4236352
6977048
5159509
3406449
488586
6314574
2016230
1705939
297123
7787721
4584488
1580186
4881928
251740
4178118
621054
1807062
5134652
7814279
9717258
5010122
1059215
3226732
3065938
2692420
8845986
5066185
1672071
2894950
5123088
5006291
1257912
2188743
8245713
4246327
611403
2884411
9614352
6789859
9673888
5004795
1377353
3196019
1013871
8777826
1580960
5889808
5570223
6223960
4746621
1148043
1333666
6715518
7366957
4326963
9735867
8665271
1971626
3014804
8552321
7342555
8021218
3012276
5367949
3756339
353125
6460727
2350004
8979454
7119892
2487920
8935758
3144558
9135484
9082811
214816
3164394
7625727
9627964
1887759
6305594
2671012
8036297
3085191
7906098
9666465
2864598
7836718
508154
2648621
3303711
2991280
1388891
6503882
2792853
8700687
8076261
2074677
7443236
2965613
4022698
9662596
1494793
7951909
1322790
9361197
4283688
7993293
4967425
1397766
3978883
119541
9037158
5788215
1788810
2322363
369492
4977461
6166565
7860641
4738829
3127230
4889966
6846502
7233596
957734
3730090
7497625
6421479
5460975
2685648
2730587
4380179
3674841
3923342
2305504
2297679
5135887
2128093
9735883
4002727
9372272
6129602
6231115
5148307
2579308
3742763
2470817
3800699
4473653
9773447
2016913
979422
5784178
3136028
9807328
4206045
2084336
6536227
6642185
846246
6115617
6202776
3058546
5195361
3088145
7620630
4888628
1952919
5087063
6693174
8442567
7338630
4532759
5811931
736138
869669
9110056
5328672
1118565
616891
3571716
5558883
9221753
162403
6446603
7323256
7530239
2215957
3389670
4386258
138
1062210
8765320
7465718
71208
87806
2316047
6715795
5497897
5974968
86940
8377429
5919340
3091035
7676406
1467481
381946
6198317
4136488
2849001
9830890
8257316
788666
8594353
3411982
4334233
3494080
7544106
9416303
8479838
6765645
7732378
8926018
6064400
478982
9355407
280751
7538994
9516806
4189454
7206166
196139
668630
680681
1284779
3990007
2986586
9830317
1915549
8006074
9831483
9622493
6159285
7881117
1879657
5177604
2359096
7389517
5507571
9005829
5587657
6057840
6602604
3378799
2044975
606829
6268575
1818457
3084763
6102661
5721650
9637233
807909
3815754
5874464
5972514
786587
4645582
6393224
9732088
5566302
6436900
6889510
7650812
9359353
2789501
7568120
2725035
966371
9388017
3125319
6577086
8360804
764309
8805
5976700
7583977
1161820
2868888
4638691
8747645
1923009
2415229
813118
3147093
9557960
5260075
9482093
3851616
5405009
2532282
7878215
5379225
659900
4758257
7698334
6928170
2207978
2166356
4489169
3284036
6422020
7382633
5917613
472493
7359429
8192491
8532441
5349809
2600845
3057105
7079067
712122
614772
2736648
6413756
2629903
2483165
3893485
9422057
9074634
2343203
8422863
6836909
8588017