6876714
5754846
6950104
8118170
420
8807246
6439809
7518078
420
2049786
5181571
3765477
6175983
420
5193933
5225097
420
5378594
3387984
2903280
8723077
7326690
5499517
420
7671001
1678393
485958
9622365
420
1071069
9734212
5607223
9507454
7934615
8331968
3164409
4360814
9105308
420
4734292
1097822
420
420
5162817
420
420
6391060
420
2455439
1880258
2232807
8692563
7685076
420
3463557
420
6107672
4946311
2171001
3750254
420
420
3523533
420
6480666
5334015
8561698
3602560
420
420
5316792
8889729
9868828
4157352
3025529
5804254
7444464
8467091
2533287
6349398
7286501
9844491
420
588555
2039030
4185282
418276
1678986
6493561
9922524
488377
420
485122
2205162
8460275
3891096
9933258
1720490
3086720
9264298
759167
783212
2198075
6260793
8540640
420
504923
420
420
3794944
3524290
420
8958008
4747798
3065048
6048095
4051581
420
742454
2544949
3182828
2239911
420
8501339
3924079
420
9865840
4669791
420
9161502
8260376
363202
539568
8314645
9150161
9731000
420
4880810
9695575
8592841
420
8862629
1515349
6826854
420
1618411
5196607
3471151
2807811
7934317
8752947
420
420
420
420
4852389
616243
9806515
7434070
745515
8066384
1893602
6476704
528220
673030
1585165
5454772
8564997
420
343576
5267215
9457314
4920772
763557
4052499
9901453
7450033
9539436
1580388
6210356
995472
3703120
8375459
2214430
6236174
5528464
3932176
6344507
8381408
392948
6407469
4194669
7218109
7335260
2242781
4213682
5516739
3809084
420
3313851
420
420
6546141
6389976
6546891
8075455
5336580
420
420
4621720
8431873
420
335200
420
4827807
8992146
6826426
1118173
8672822
2409582
5858536
7221789
7784451
7161133
6687741
5394285
7948782
420
5458180
420
420
420
4453625
545631
420
2607909
5215850
5057021
2542758
4539857
7956889
3966178
7960742
6667928
622903
3590424
5315107
9363279
8858333
3504399
8911990
6309676
420
6570922
8953826
6177617
9219668
7634549
4906894
7670463
420
4190559
7572374
5865295
420
4705814
6140894
420
6453773
7024975
736957
2564711
8078376
6782511
420
7016394
420
2215930
6736570
3331160
420
8735781
5351380
1255691
1506970
3419472
8392688
5031801
1396736
420
420
5236811
420
6796288
5683151
417132
420
420
420
6926631
9707053
7179915
4045523
7518702
7494326
420
420
9421663
420
6637083
6871001
1573438
8049454
420
278474
6835455
8486183
3912045
4317247
1632551
420
420
3181545
6833968
674137
9349139
778971
6403676
420
4771749
8481990
6320654
2320143
135806
9220797
1402564
7117541
9496387
2433473
420
9963697
2174463
9981851
307745
8491770
5346745
420
3264679
4762873
420
9317586
420
420
6569165
420
3069602
2880157
32671
6239264
8661872
906019
420
5875908
9300744
4769328
2366160
6768620
7109409
1806498
1270880
1990913
9948806
3116720
849622
5610364
7734917
4326891
1355094
5934242
137928
2800982
419060
4085462
2218545
8097412
7432029
9384889
8380712
6064102
420
9552174
5965750
2210574
5015692
420
420
8750988
8400892
6895541
4629150
1236561
8778345
420
878244
420
4194539
779033
420
2985584
1509041
4361285
3072472
420
3052443
9663459
420
3481911
6992439
1302681
420
787237
3061015
6998433
2449158
1836682
420
7480674
4029564
163712
4783126
420
6588890
2447261
7826039
2756706
4365967
7087560
420
420
420
5647504
8411949
4945876
8171388
703001
2249312
740646
9930168
801343
4267729
7846637
6139299
235623
4224242
7049836
420
5549837
4684281
9613067
1876744
9327562
5162703
790115
420
4489308
7415194
420
514245
2733625
6422081
9676249
5953358
8919701
9421265
2001563
8272210
517119
2777769
420
5776196
4298826
1211392
8006251
9542966
8007316
7701788
8278444
3389157
2093940
2194841
1304633
3085140
6535050
420
3929752
5585241
8187328
1313822
2671709
6289109
7309110
6984436
2211195
7864388
420
420
1144634
8205483
4439669
2107566
4669458
6843697
420
8419636
4487133
6368688
423726
677886
420
2858419
5773694
9224691
859673
420
5295908
6768803
2123853
1133434
28925
4979809
1472398
3923141
420
4883894
7691390
420
420
8024683
9076232
420
420
9887075
2222270
2707651
420
4582778
3654642
399021
420
420
420
5203714
72131
420
7501619
2358674
22100
3199247
5361469
513216
290371
9611821
420
7716205
4513482
7337812
420
420
5584167
8404790
2348465
7332817
420
2744207
5387117
92289
6651782
3837502
2088448
5983534
6385892
3806286
6475796
6532625
5633027
420
3977833
9535778
3249996
1679957
7302455
1016694
6228387
1787384
7038724
420
3097822
1523522
420
3864537
420
8351861
8120804
7551168
1982736
420
420
6370894
7376230
159192
4855143
420
6455675
420
4439117
7168009
6214227
420
4134742
7211147
927576
420
1589538
7899135
420
5209562
5723293
6826545
420
364294
9743157
1806538
9412984
5257104
420
8723445
420
2861598
6798020
2822505
420
420
8597912
6565257
420
8031082
7742696
6033309
3842170
5010134
1445913
9079932
8379888
420
420
420
420
6700328
2575988
8792901
420
7275261
7459331
4075294
6734343
575965
3996657
5660423
6662359
3498961
8186789
1803854
420
9389471
7067813
8640812
2628234
9199612
6006450
8085678
6610340
420
9113204
420
6744191
9511806
420
8309848
2393026
3017409
5945690
420
3893820
3016662
5737064
2366160
6883310
420
2962955
6527228
420
1439295
420
420
8793562
420
9656623
7070206
2223785
420
9913711
321936
237510
5445952
420
3811717
7220460
8886236
420
5973842
7200332
9016901
420
4315102
2654653
420
8841456
5626457
5282356
4290658
420
9793423
2579100
3404645
3794903
4574617
420
7517150
3263442
5022490
7189583
420
9858516
7464898
4453345
8793682
7702973
420
2214414
321235
5844266
2443339
420
3756442
517660
801766
1952093
220624
2604636
420
695055
918852
8558160
1584613
151189
5136853
420
1691435
420
2342330
6755205
6136167
8364610
9317956
8446303
3194855
8003992
1660913
5276824
4074007
1437503
7132408
420
7913587
2314121
3401134
2015112
420
4326374
8465498
1692012
431647
9814254
9131558
9572183
8265940
5579113
2669035
420
75996
2632926
1633584
9034183
8750673
249185
2318567
420
2208477
9357233
420
6546818
7923398
9266433
420
8733253
8452227
336392
3287509
8062799
420
7922473
7529068
1866278
2354943
2316686
4969929
420
420
6299944
6042957
8758447
1686432
420
8700015
8273466
9555249
666556
420
7974302
1916590
3525467
9317606
5136574
9432556
4335037
5204020
3738379
420
8607478
9974715
1810917
6963679
3739403
5420755
6208829
4354612
4041312
9690346
5964178
8823189
6964734
8129688
8117036
3916762
420
8558250
2179827
420
945903
420
7714896
3484472
3813076
366864
9683631
1558908
3912045
6880577
6912055
8874172
4750967
8640457
6142205
420
4499195
420
2839087
6964209
5511566
804527
420
8584920
1758550
8348761
5665492
8205089
8074612
604971
547256
420
420
1366944
1298291
140336
4765043
1342453
420
420
1848695
196991
6183232
8121228
6466987
9844254
6864087
2468133
5618610
8542392
191031
1229699
2387093
7784786
3018131
420
6687961
8969661
6232103
6930519
2000631
3807800
2961204
420
8063187
420
420
6044541
420
6765312
9387793
8206157
4988104
7650118
5430739
6517159
7499429
2948071
420
8889779
8618981
9334713
989195
4281677
6106213
1666300
420
420
420
9072067
420
420
3984795
3487562
677665
420
4069244
5366254
4315213
7400884
2984090
4545346
6620660
5278780
3312616
6652502
1775623
8753833
1648475
7714120
1846921
74395
7516550
3599137
5733471
6494390
3999653
731264
9480023
7186660
1817415
505586
8595502
4750339
1052155
6019412
6957237
6870963
767187
1488284
4723294
420
1674382
4457178
9628074
420
420
4243256
420
5815266
1050340
1969330
2281636
1616449
9526420
5459296
9364519
420
8089424
7610608
9168895
2957360
1460641
2557095
9787256
499081
8349107
1898590
5095634
2266050
420
3900670
5154740
2083475
1433641
2614613
7995690
420
264193
1607775
6726768
8262388
420
5540291
2322759
6394250
3664891
1211472
420
7899374
3546987
420
420
420
420
4163407
7662840
9507531
3948561
2175767
7560121
4130095
420
5760071
3853761
420
420
6777993
2581037
5190492
6991542
4962436
420
6625117
3734218
420
420
9475173
9564319
1090454
5174801
8051160
420
3303850
3030437
5234472
712998
3679321
1900447
436951
29164
420
8571971
893082
5581132
9889419
3010233
3393755
420
4358349
1297990
420
1277756
4598545
4183769
6926115
420
3589635
3512880
7985561
9475932
5384380
8042560
2985655
2939490
420
8050701
420
4075620
6735868
4919468
5045950
9023027
2076341
420
420
817927
7131039
3287261
4203733
651982
8381463
2549174
420
6198339
5852504
2357374
420
723737
1035858
3366105
9174928
5791175
420
6574296
8734560
420
6638085
420
4385116
3618552
8667091
2199154
3188069
9023652
9974444
1099342
885546
2400181
8220300
8845429
5001763
4654428
4486197
3967617
3011071
3303281
8263640
4912004
8031383
420
420
1761678
6829294
2422975
1203592
8323773
9861238
420
3901242
7055972
7217282
420
6377753
6742067
4269935
5143743
420
9383656
4104861
6210301
420
4918342
4450738
9912035
9957055
9064188
9027927
7309171
9133567
7728776
9690494
7826453
48517
2066806
420
3512845
7116550
8310652
438529
396580
9415054
420
420
420
7213332
5864964
1205319
420
420
5064609
420
9261128
556778
502900
8131441
5428156
2682764
6589949
7438946
1661640
420
9598266
6561127
4321042
8729238
8192012
420
420
2079122
1062603
8896987
6452921
169656
908100
2586680
3624387
3900834
6675645
8009078
3949804
420
420
9234540
420
8777165
203147
4699707
8370411
7759789
4298272
3045786
34708
8530810
6269065
420
3778720
8840399
5468057
4848730
5392933
7962790
7157772
9838872
717099
8057190
4327614
8431399
420
8599157
7223816
1522135
1795502
8623743
1100515
7033590
1127372
2801735
420
5769216
1275908
995902
420
910542
2693419
6428502
2256742
4070670
9889207
1534299
6909399
5930906
1432575
9741083
624169
6983747
8341891
562554
1392959
4092777
420
9019072
4446159
6493995
8501540
4652029
1499370
420
420
9232985
8337515
7474611
1058069
9846981
7523564
641997
4294775
420
5502774
420
420
5751802
420
3280966
8564626
3730195
2614159
6073107
2888802
420
5556355
8911201
2695890
420
420
6246883
9048643
3994401
9635070
420
8929140
6235853
1426930
8701082
5366940
4982081
9958932
1691701
8002001
9274687
6715597
1199438
4434748
420
2492547
9028286
7833870
4057106
930006
420
420
9182413
7132717
6687213
9949516
8238714
6346053
9970782
6405146
31092
420
420
4722442
420
6201568
9008872
3223719
3842241
420
5729835
6075225
3547021
1757056
6873598
4978106
491489
8839838
7210238
8990238
7202535
3131296
7366569
420
4574048
2653480
676213
2852112
2743315
5157199
9186323
8346256
8458098
280525
420
420
2645472
4963944
420
7138552
420
7160292
420
7851411
5142621
9564540
9254040
420
9577733
6079810
4668562
9824094
420
3297132
4220845
2394828
7786133
420
1129445
6558774
501717
1737911
4410383
4999515
9443052
530479
4192601
266548
239335
1374646
5815962
9860945
420
2147042
9706667
3650191
420
980855
1329644
6179850
420
382229
7643354
9020569
3239744
8165313
4080928
607025
1205967
5120078
9600273
1571231
420
3593305
420
1269063
3828419
2084076
7967223
9400123
886570
1154928
420
3374426
1940232
3264255
1074796
503088
4032050
420
9021679
8792037
8579865
7949493
9015369
3859477
7094314
420
1282576
5295897
995757
8776348
420
3120366
420
420
420
5586929
9293558
2192602
6658343
172900
1018714
1864715
6738678
7214122
420
682898
8230220
4128841
900986
8893408
3565767
1872694
1152622
8413327
9739384
7032657
90782
661632
420
5350131
861438
7874205
5224458
7227212
1825321
6516402
9910659
8269227
184251
4746214
5521108
3429337
6540928
8021652
4703023
7965438
1066813
7167899
1597670
420
8774317
9526694
4340790
9086309
4852465
791733
5146105
6907550
1845228
420
4107707
4882158
391116
420
3740884
5727798
6467650
689756
6019125
6648121
1452746
4905834
4444961
8675486
8362177
5850258
7825112
5674578
8419443
1015522
420
420
5396911
420
7557053
5888126
8407585
420
1493171
8125291
1255046
5230402
1918098
2500987
420
420
8235080
420
7750974
2315082
9317032
3588299
266614
4166567
5879759
5480526
9727293
2742228
8513992
1301385
8348822
319344
6015495
8965955
420
420
7393860
420
9466901
420
420
783445
9268411
8519260
9674928
8308746
2921055
4918584
8929431
5606049
420
7140102
7006226
8080355
9309272
737989
6961612
5760570
7804536
993302
420
3062053
8933124
1949943
420
216523
2777477
8876201
9543715
9706861
420
420
420
9836124
420
420
420
420
2234616
2952768
8801907
420
9423027
118
614837
420
9848442
8281862
4255736
959751
420
7237072
5221159
5026951
4430458
5391379
420
420
7048070
8632533
3324775
420
99747
2762551
7200312
9626430
327039
420
420
420
2643463
4909217
5526762
4448476
7840413
7654614
5101163
2820377
4432243
4700358
3528529
420
4983011
2177531
197447
9605187
1624924
9846660
4979864
2795578
5210363
6007517
7401325
420
3340394
7222156
420
9244412
5434036
8838109
6498982
2970680
1972251
6676631
2943199
34358
4631985
3160322
1432312
7197925
420
2595684
420
420
3538785
4583342
7968062
7997950
184781
5862209
7841727
420
3357975
2819743
3051082
2126136
420
2918644
229486
8146992
420
6151838
420
8700433
9405169
4890127
420
4644088
6922865
4720956
420
6923165
7720012
1464497
8389829
5168992
6192624
5202635
1419555
8570671
7000839
9602787
8045593
2786756
7128112
420
5392079
1808597
420
2818071
8065040
3895256
225254
814774
9977973
420
3290548
6367221
530114
7322495
6646427
2680275
5532544
8301942
9009936
420
420
1120674
420
4575848
420
9178569
22248
4730851
8575920
2454284
4868086
420
6121430
1849935
3086915
2481831
420
3835107
420
420
420
9208827
420
420
420
2740912
3886754
1729980
1635159
3611604
1844843
64713
4946442
6593865
420
2672779
2745854
7065713
7004506
2944337
9553682
1774890
2536251
7081589
1783749
8563738
420
8257564
6348806
4604002
926270
6936440
420
6721651
2618189
6935034
8330252
1277844
7956489
724321
420
2370779
432361
7453083
6302628
6335324
3364915
9663810
6315770
420
420
3627655
8931593
6910904
922498
9379387
9025771
9524839
7074138
4448349
4573545
420
664883
9460228
9813900
9907845
9989636
9159865
3960789
420
841399
5932261
6481863
4030458
3106399
420
3420772
7823806
2880754
420
4424379
4846011
9778609
4933520
9401102
1548939
5716688
6769431
420
9311900
9836622
420
420
3470371
5671579
9132997
205832
420
4103222
3352627
6532775
6248559
9914926
9186998
4873794
6918278
4966413
2272582
1312581
420
8897191
420
5533001
420
9410233
4382676
4272991
3236714
2024823
8348348
7484140
3007020
6168632
7354387
420
1992334
420
420
4096083
2266845
9663791
420
2860001
6246389
420
4390327
7417735
6353148
1554217
6775489
9546131
368046
7312819
8613425
6227723
2669242
2240105
420
2432513
4736127
420
7857048
4436481
420
8082621
420
4606124
3387679
517886
8576592
3038323
420
7823817
2626071
1128622
5061959
9308262
5662514
1761062
7220022
6638369
6055508
873952
8761493
7929825
7654739
6098374
6466479
1383531
420
749809
9975987
2779629
420
8169326
6867010
6412069
3819867
2025819
4472966
187362
733167
420
9648577
1406946
4889323
420
3422483
2853732
4123459
3265260
751960
3441998
4899951
5526699
4622246
8701988
818432
420
841415
8931321
8212832
3249958
420
5492900
3929868
3292033
685335
3563307
1797029
2055550
7802861
1394450
8001220
423144
420
8187688
7170193
7030058
4304290
1966274
7534408
1601213
5552995
3097893
1419710
7862144
120654
4467326
420
420
2167830
420
420
2863428
420
2845379
420
8679300
3304242
420
5671957
8653753
3704208
5640723
9126311
1833997
4763027
3567580
1708851
3407416
3684459
420
8992939
5169106
420
8886234
37142
9545292
4818379
9168951
4637365
4781189
1921279
420
420
1674029
1593683
2017937
55856
6849454
7714500
420
5758971
7885630
420
420
5621362
420
9999686
5414035
2606684
420
7141414
6460279
420
8359059
1485538
6742530
3418276
420
9173273
5281000
4317201
9238959
9833149
5713181
420
9016825
7163280
8878200
1455125
5325695
9929586
9373525
2096154
420
5998615
5953733
5445906
4967801
1435644
3983778
1663093
9141771
420
4519179
1266192
420
2222749
420
6540406
5487446
3051709
4684857
7274867
3136075
8613964
420
8795118
4588264
301966
5493305
2855857
2470990
8656602
2168144
1635022
8295457
1175869
420
420
6599970
7169390
420
6221566
8774139
420
2294169
420
3024971
9422180
4302369
420
9679628
863132
5930648
9407501
5983558
7698923
8793946
420
420
6848420
830046
9123019
7992858
1256213
1696524
2220716
420
9845605
5148676
2051137
1568315
7782670
420
8507099
420
420
6960591
9398797
8478868
9077057
6482133
6513168
9860650
5586472
4303229
2309298
420
2718502
5785
2978579
2566272
5861304
1073518
5212597
8233350
7312289
3744197
9713435
9379310
1189816
3400981
5978521
8875275
8307519
5987381
2318157
5500793
7240800
1269681
420
6256290
6679528
420
3407659
1542038
8575888
6505909
2705921
420
3891739
512094
7799433
6153420
6958949
9177357
9917285
6134590
6795940
51506
420
6185412
3876768
3791882
420
5157599
5772404
2587339
7797634
5787676
9325806
8290558
2681094
3619716
4892480
4147166
420
5052107
9691635
2431550
2221163
4047857
5986228
4465855
969575
2275511
3546619
3313086
5339464
8890375
4397382
420
9139030
5030050
6239604
9978044
2375194
950953
4093726
9795174
9820951
420
9771238
2704111
8529243
4069632
1169075
1229064
2273748
9878686
2957393
3263078
6102127
8541256
9350725
6602781
7308896
2217091
3636150
5106706
8723524
1512305
4705458
420
9379732
3522965
2148635
420
8546988
4244478
4583218
3605919
6299896
354014
1884544
420
6994577
8441726
4450
5390178
2537880
420
1374047
9369433
593355
3242874
4549365
6885625
4993250
2726531
6406334
8405084
7936042
420
9331091
2948585
420
8267355
1324909
7907305
3595808
420
3468249
8592344
3878429
9348096
925360
161007
9975889
5769849
9819104
6742834
5336729
8078633
4113384
5839658
420
4677658
9762208
420
2264817
3795332
5197256
6263799
4431086
6727196
420
7814146
9801676
546347
5554829
2017053
6819863
7842136
3038041
3050143
955823
4202147
6292185
3637916
420
420
1894949
8456357
583485
4477424
420
952037
6287957
3070864
2158515
7471300
7304133
4264028
1373782
3991718
420
8655223
547835
4771491
420
6254591
2153385
7252008
2155376
4806789
1977951
420
6201465
8647427
9998340
6987594
8053952
9287853
1391022
457621
743618
3024367
420
5106072
9668969
613707
1372148
2964679
4334173
4014837
3982739
5050206
1531025
8018571
3229477
4970905
8795475
7700030
420
324696
5536570
8721345
8689872
6983755
4818178
9020510
8183113
3279596
420
6588413
1096910
420
177536
9101634
7113645
4191236
420
4393780
420
2286795
420
6550031
5191889
420
9059409
420
420
5888012
2083571
8739942
3856513
2165360
420
3974888
9102666
8319205
8232936
968381
5726220
1888272
6923842
420
420
420
4063833
420
508184
1744959
420
8338411
420
2489648
420
7832422
9239067
420
4399914
6698945
2503889
2317923
9653083
620798
6172854
4391216
1359164
3811635
8109923
474899
7872624
420
4680742
8721030
9394490
420
9111652
271663
3980819
420
5569856
420
4736267
2461194
5577126
420
420
4551845
5185368
2610107
1378292
8816895
9450706
420
420
4321882
420
420
293322
420
1411137
7484678
420
3382240
420
5365326
3073907
4931882
3881694
978073
9417100
6175985
2251619
420
8673293
3860087
4854787
5741117
9694230
9481336
4577600
7545269
919899
8875011
9239176
9124646
7117031
8426696
500066
4596750
673193
420
2054315
3781500
1634245
420
8508387
420
9967072
7682470
5130356
3344141
5654892
4381417
2696669
420
420
2589897
6355630
4760175
391673
7592774
7824544
790758
2623982
9608920
2844832
7698147
6656064
5584847
1818449
5368980
8758147
420
420
420
6575114
1328950
420
2520903
2708329
8323091
420
4922196
831807
420
85423
5976053
7911161
420
9362537
8007890
420
8388216
7838476
7807277
2674233
4747591
3057784
9541793
8341978
2871027
3562111
7685575
8625739
420
8610498
420
8024650
1154580
1649683
5863079
8725398
1419539
5098504
6897721
8489582
4077597
6969840
2623808
3516470
2593968
7001602
1890522
6770378
1032512
1552372
8865086
3820970
2749953
420
5288851
1852560
6036100
7969921
7698354
1633001
490672
8758286
8769542
6498196
188514
420
5653176
420
420
3860550
9730970
282849
420
420
2060338
8320277
3359754
1472183
4105426
420
2239478
9572472
4558732
3843882
420
5251734
420
5553675
2830733
8048737
8018383
8671224
4443228
420
743533
7069158
6688964
420
2753159
2007437
420
603743
1960733
975147
420
4789037
3888669
2655544
420
8152592
1453637
2819324
420
420
4434600
4233242
8559158
6324295
6114366
420
6991087
420
7978041
9919334
7171270
4275818
420
420
221191
420
9698045
8463162
617852
6263762
5250055
4631546
525099
3102425
420
838860
8980152
420
9090276
2899849
420
7957830
420
6318322
5382427
8893074
251989
869232
103861
6836754
410060
8692227
9225367
8385969
6479452
8824090
4498677
7167701
420
3453148
1574353
8168121
420
8942998
8720749
420
420
420
58776
420
5342380
5245998
1232069
8765475
910101
7853133
6049455
5470651
2419658
420
7596253
6284024
420
7542094
8447431
420
6377231
4479569
420
6101901
4768814
4001932
7210876
4580154
6271226
7083874
1821068
2659513
420
7751984
420
6576052
4087366
9931827
332200
454310
6003333
420
8796486
1275508
420
1375271
1933754
9479294
9288888
420
7993975
8879981
420
420
1228462
4383817
420
7369560
5101700
402766
4289681
7801393
1821825
9129604
3665486
6906460
2126291
5944055
1726737
420
4921821
5437221
8198126
48924
3240330
9900253
8015268
420
3925081
5045162
9796239
365309
5295810
1836145
8980428
1282940
2073189
1752319
5067483
607438
4442816
7632997
4588343
3475189
5143622
3918466
420
7592247
891794
2173197
9129717
7480
6812344
420
2673189
420
9316299
2855601
420
6042733
6394509
420
420
1080179
420
2485785
420
5047713
3091787
4003235
897629
6229122
9344043
420
308023
420
420
8871657
5132088
420
5563788
7101462
9644064
420
2722099
6590722
8708307
9458215
420
4056145
4280327
7234496
2665353
5032969
2397458
420
420
420
5091260
420
6767119
7565945
7232433
3114488
7168357
5087603
8775863
5128870
6237417
3860971
7141523
6073275
420
36276
420
5499525
420
9434256
5319867
8094098
420
420
6085362
5425078
8503586
3185437
420
7523742
420
3420095
420
420
420
846738
270182
6105959
9369077
420
2634046
5492559
687861
5163218
7216080
3694843
496795
420
9162394
1336831
7668190
5005621
1184
9248053
5594668
7762352
2720704
7122298
8070929
420
420
420
420
7531989
4540257
3124487
9007294
420
420
8632080
1415780
9370141
784450
1598949
5269161
4590865
6126524
1819671
8045488
5011671
1873323
420
3261354
8857056
7160338
4618867
3836007
9818274
4897279
1098663
420
1166121
7385901
2741418
7552691
420
8295424
3307458
420
4010091
3551917
2114806
1957723
420
1360560
3658093
8145784
6371817
9934709
1623210
7995027
3845417
6076457
6298042
5828001
420
8131806
6677434
8526051
420
420
420
1569809
3840668
420
6312352
5931262
5671837
420
811028
789145
1909710
420
6269424
420
9082099
1875429
4680805
3329966
9793953
8410539
3946067
7840954
1139820
420
771633
3337033
3947680
656907
1598013
30333
420
6469173
3363939
420
3893458
9995260
8832667
420
2483050
1849639
1534190
1165901
3230504
7319627
420
7579689
420
9341187
6892354
3831157
7895871
3774171
9657149
4979209
420
1277481
2409493
8161220
3267123
2735927
8863036
420
3665191
420
8877758
8946346
8405523
6210168
445832
180060
356701
1746128
3644255
1935250
420
799745
420
420
9931615
2001521
420
3198156
8144510
9089089
4552816
5491057
7158591
420
1999354
2535198
420
420
156977
4671468
420
207154
4041638
1092496
8280979
5922599
846270
7494906
2986695
1327951
8274193
4612548
2915993
3914649
6915677
8037934
420
420
2403876
420
626176
1332614
3131851
3109431
3977138
3955232
1943674
420
6377047
756421
6849900
4046323
88818
8834923
3424116
6367243
3956336
9664921
420
1800208
9904398
9242471
1088894
7002833
2266815
8816475
420
9715386
4301424
6088422
1110425
420
420
420
1069951
6731009
2672263
420
2256129
420
420
5447092
7618100
6135863
420
420
1790802
4521147
3448541
534412
3353018
9365177
6076382
420
982389
1416911
420
4052502
6960884
7994055
4335532
3695637
9029268
7235957
4566723
8000002
9403429
420
1041537
420
402849
7118023
420
8623079
420
4359592
4153376
6898249
4574762
7044274
3030960
1533839
420
5589893
420
7872636
6998749
5477147
420
420
5683148
3848119
420
8807393
2426405
2471819
6354347
420
2416249
420
8578557
420
527237
8694266
7494484
2930562
5398009
4769235
420
420
3792091
3339463
5983963
3514096
420
1085889
1526992
8744535
5927788
420
2382403
8975111
8809870
1957424
4785711
7005508
1808459
420
5932183
420
3732724
5909033
420
666070
420
3294721
5664083
6377999
420
420
2024715
420
2997280
9727095
3765523
3144555
420
6949340
420
8032676
130582
6110757
8818509
1673630
9804391
1799677
5877977
420
1350265
9866678
4119587
8412629
2445335
9915336
1607034
5945463
6426784
8520754
420
680298
2433568
9370119
3910989
420
2355973
1075460
315810
7456847
6517955
9377534
420
420
4149003
9547895
5769665
1903314
6852641
420
420
5027752
9167462
420
6546773
5333775
6280265
9437685
5351963
420
420
420
420
4912250
420
9096192
420
420
3459925
5609538
3820016
9894194
1625471
6481392
6258580
6853572
9746735
7990683
3490850
9061452
6198149
420
2980705
420
420
2344301
2944211
599373
1939256
420
9699405
3553619
1909608
5526682
1827006
420
7154265
7741698
6410199
3597056
4374802
9241180
8515
5837478
7035747
4371757
6565400
9495186
6759746
2331439
7321891
420
4306482
103092
8259909
420
3294220
2598880
5277739
8981728
2491124
3920850
6928496
2011256
420
1822817
99586
8154683
9271463
6686003
1258433
8494702
4964040
420
8085220
3964044
4257987
7339222
8952190
3033842
7400765
4726189
420
8091567
7665035
8475104
3762263
285878
2402643
886667
420
5946634
374414
2902690
8671652
420
2080321
5029017
420
420
4317844
3322780
3376814
1857694
4850880
420
9972115
8749671
5794597
2572100
4491503
9609651
7109849
420
7647301
6900646
5555378
2129171
2357345
420
30103
3210294
1828376
7455110
7442141
492527
3666050
420
4885485
9083699
2186401
5230808
9955273
420
4163292
9514132
4084538
420
420
8474194
420
3253905
7528123
1949871
7375549
420
8910069
2698157
1000850
420
4174351
4485933
2863564
6154519
420
2966563
420
4477535
7313786
4763943
7440012
9136568
8863294
8058221
420
1254482
6928931
5258441
472532
7235635
6020418
1854646
9727146
6247488
389093
8313366
5802842
383308
7118550
9984679
420
5530643
1618520
420
7004052
3099805
3135670
4396807
420
3431873
8608215
7325664
7514335
7928514
6847978
209704
5554376
9561026
3618690
420
420
420
1704009
2216076
5174125
4106727
420
4148641
7294592
234738
5452643
6396705
8651366
2457231
1137660
6364078
4354382
420
4697850
2294654
7973971
6373327
2185588
4962366
420
2412980
2679851
3731265
6193433
9120662
7932199
420
2464789
4550082
516167
420
420
8533320
1121204
2315131
636398
9958936
3676869
9205778
3880774
7800986
4170274
8722746
420
420
7637954
9696684
2412005
4173253
4500835
2231185
420
5501309
7539716
4625804
420
9435207
8669539
420
1882334
7189275
2477541
9650507
420
8599650
420
4386658
420
4148835
7407380
7799341
3479445
7951432
5440291
5126870
7811620
420
7006766
8032311
8033542
420
4271231
4682960
420
6315655
7390502
6059080
7507110
3422208
700034
420
3394416
4153391
8412045
5373859
420
6194211
1036164
420
5398075
420
1276543
6729252
3659317
8329691
420
5218283
7742644
9407095
9940631
7499175
1540012
2758347
420
4035945
2473990
7693536
1842163
420
1262847
420
836836
420
3266481
1509534
6575068
420
1424858
4044179
850482
619591
420
8203011
420
5758510
8092653
420
8293891
7784571
4484335
4657405
232454
4297943
420
7774800
5272670
1591085
5569811
1029032
7158416
1754282
9933003
5575467
3694533
9679578
7887645
1634255
3488093
420
3273243
3699871
5614819
420
7986940
9838541
420
7214497
8082146
1056931
109201
1358469
3426155
8525739
420
4041180
4985304
5068255
2449765
7559294
4458986
989594
2978287
7782055
4626730
5053051
8050931
9089355
420
3910176
205687
451304
6160129
634260
420
6987955
4869776
3808178
420
5373388
9408349
420
19771
3850418
990061
420
4531598
280404
420
9895320
420
4546812
3534174
1206776
57684
2747919
8420101
7019978
2227926
8529303
420
66306
533116
482193
644102
420
8661726
9362793
6486155
3833688
9222150
420
420
6982352
5204841
7084246
5949281
8606395
420
9142439
5265736
2222505
4389599
2530242
3326355
6753588
8238515
7689552
420
3435574
4430680
420
3607858
2128524
1207110
5677539
4633415
418750
3236565
6148685
1034622
420
7525885
2328115
8495973
2121162
7107840
420
3337810
420
668588
6568658
7741558
420
8897710
296035
2410019
1375284
1791477
1224459
420
905507
3810285
8386174
4063062
6187452
3011136
6394589
2871101
9156138
1896584
420
420
7609747
5757342
420
3265747
4058737
9862683
1408336
420
420
420
6340423
7007782
9323483
5163786
5221208
5044887
8491293
420
6558765
7649766
4714918
420
115190
9020376
7966332
1030192
8113045
855095
7059303
976467
7274638
5036590
9460401
420
7934633
5882247
4033606
7693143
420
420
420
420
9363080
2497872
6747876
4330551
6684972
968109
2613381
2817056
2007779
4581181
2281612
3546979
420
6720061
5888397
2997440
3049699
797150
420
4061304
420
329051
9219446
2231566
420
3735593
9337656
420
50663
420
6243486
771920
1085071
1495072
2390128
7176612
8764489
3077590
420
3817029
5484640
8516762
8289776
4872868
3903558
8723458
1707401
420
6361164
4531317
7310179
420
3394730
3505402
4566531
5379081
9309165
420
420
7691481
4439769
7409911
1207152
4106646
6566795
119184
9630695
1830272
756197
4878844
420
6755016
420
4651126
8614041
9108084
8844546
7097964
3945164
7273707
420
6901569
2432006
420
586096
4568469
7208918
9776110
3282301
420
6678045
8724390
2008201
1834728
5705241
7815736
5558363
1685827
4589099
7438670
7824544
420
5542976
420
5302165
789302
420
899492
420
475508
59737
2723455
420
7427028
8191473
2121148
420
8251095
6422555
9415671
7813694
7573947
5327749
8529923
4094875
420
6237881
5302910
3618138
2408111
3392657
2251645
420
5744493
420
420
4685454
1816028
2006746
1390777
4439311
1945033
4532067
2685340
420
7318343
3882338
1010425
4744106
4617483
420
4539106
7076459
9193035
4207153
420
6647262
5157841
7200698
754773
1027828
420
1335112
3970893
3124784
9641134
9353986
5015151
6669172
420
3556840
3683610
420
6985463
4955312
8579278
9611291
6527314
420
3651375
6581950
2918961
3397281
1165106
1056909
3984427
282140
420
420
420
6148152
5691506
8915776
6714762
6072104
6485167
3252475
7613032
7482718
5919940
8904867
8418638
8778985
7582260
8653342
6843840
8449899
420
9519230
420
6457771
1003177
4370628
420
8260968
3242419
6726994
7020377
420
7814355
7671757
420
500799
2000909
4126046
2451456
420
5522678
1909977
2531754
6665092
1897038
8914124
7481140
420
2172374
1063130
420
1805048
4985379
8836855
6563838
4634402
7082853
3889692
3867887
2327286
7343160
4435899
9326745
420
420
6309138
1502719
4974195
420
7791144
2512637
420
7848259
6480995
1397702
6407415
9279401
6250120
6397363
420
4831407
420
420
63482
420
4944410
307143
9035055
8988765
4817866
5727047
2662117
420
102609
1971699
5805718
8014277
2809729
4058814
6622978
420
420
420
8643354
4771994
7036064
495232
7812398
9073753
420
1505673
3347554
3294837
420
420
7258093
8524965
9924862
6080823
3594744
2915294
8431120
420
1348898
420
8519361
4501888
2480453
420
2787082
5976738
4844238
3598809
6875389
2126905
6851980
4894055
420
667361
6704119
4261676
2646435
420
3123608
5568125
6309350
420
3435846
3189065
1557177
420
589832
2321853
420
420
7419533
1104638
2460000
618215
7578543
5749200
1058008
1787858
8516351
86122
8793472
1353326
5724594
420
74184
9577417
8798079
8178365
133593
420
6333323
6142862
4273054
420
420
5635298
420
3640369
7940818
664354
4850161
9203778
9482411
2087976
4712206
420
420
7017674
3712500
420
7291970
3125169
2691238
420
1299364
420
7142754
9094547
1778759
559846
420
420
1079733
9138575
3471447
9001114
5446219
1548430
9199852
420
103658
4470034
5286007
4247011
725556
3692739
5736
1920059
2477401
420
4303265
7755498
4594200
9482005
4078945
420
420
420
7373982
6326599
3588489
2757509
420
772285
3916376
3159037
4745013
5268996
4446984
6337568
1743883
1527196
123246
9213731
5383287
8417489
8021140
420
9907807
7053532
420
7709935
420
5374419
8295080
4464743
3170502
6237552
1886639
9044425
3681589
4998542
2887592
6459564
9191700
6926017
9023615
1335564
420
3590143
7489434
420
2546346
7449364
5232773
420
156251
998811
420
420
5148005
7996807
420
420
6653467
420
1960129
7579315
2270367
881290
9670812
5110450
5730939
420
420
2398780
6419429
420
2092492
4570781
2067640
8908312
1233256
7262426
9428492
420
420
9182079
2076033
6878433
420
7067124
420
8578354
601830
9676330
754582
420
8448832
2887063
6792644
2626150
840490
7601140
3639429
9740693
8331979
5292344
3986435
5090951
3968169
420
4491738
7525639
8253909
9946430
6744932
2506874
3250971
420
420
8143896
420
7663133
9791751
1357247
1834729
509259
3827695
4713618
9862480
1067630
4611948
9232186
249766
6867073
4013155
420
2952976
1091078
420
420
476307
420
420
9638308
854800
617455
5850584
3094319
247256
9437775
3099559
2342470
9416939
3074564
5179211
5544060
3324242
926877
3299961
7580080
2475682
678860
3342492
7058978
420
420
3561084
2799084
420
4081185
2033491
9848237
2949199
7266927
122129
8773161
5538880
2681532
420
3282874
8067285
4241160
8064462
3024333
7247857
2625470
7576424
2639107
148048
2730778
420
3464896
5272849
299744
3993039
4150197
2425245
3081518
1364821
803806
420
420
6771255
138423
1386083
1398324
8360651
803126
420
9967800
5846806
7519018
3002088
7329630
6599103
5060895
7868256
6131557
3813768
908634
3135076
6041013
2146807
3824426
6256394
696878
420
5498492
9096732
7612981
5985227
402430
1514696
3171835
4754141
6754197
420
9477530
420
8571201
7235721
3291080
146233
420
5322298
420
4781547
7552604
4336842
2649150
707705
7953564
4490523
4772393
420
5160478
6036824
9928275
3628511
420
7403050
420
1797411
420
8381529
9010375
420
3014167
8690444
4872675
5008255
420
1312432
7661941
7307326
4513587
420
420
420
6627656
5434696
1205520
1725233
9085419
587961
2251001
8246547
7505159
2184372
6169550
2337274
1634638
5677911
4369247
2295438
8709366
6568015
5862171
6081956
3185701
3058216
8572721
4778807
4678558
420
2763934
9561819
420
7012841
7097136
7077980
876045
8297096
670001
6560747
420
420
6713762
3941238
7606778
420
9349673
9047432
5122929
7134337
8622989
420
8915044
638657
6735269
4926774
420
587198
420
7149644
9181682
5504999
420
2768401
8313963
3489180
6822794
8479666
5692732
420
420
420
9170294
4229200
420
8962320
420
4529163
7101892
420
420
7354139
6756776
3774252
2063133
161692
7606385
9331705
6361326
420
256338
3754423
420
3152087
8053101
1225128
1440389
4865482
5506221
225941
4345835
420
9509480
425659
420
9432447
5087951
2796159
8717761
593588
641698
9502924
699228
1123967
937227
3544984
8317241
3275604
3870888
8714834
420
4847457
5687153
1955063
4531844
7135343
7432685
7810979
8580272
3118456
3558907
8685060
8159164
1120847
6049007
5213477
420
5543031
6738793
6058496
3258353
5943633
2860451
5765693
9277812
2509118
420
420
4070256
1663687
3951837
1600524
420
420
9992390
4821182
1023330
7962906
5357588
6921199
354629
3555441
420
420
730735
2708361
921551
3777292
420
7183245
420
9552419
9345918
6587519
420
9748883
2194295
2320429
6612276
9701600
838949
7863160
6818504
3368139
420
1603939
4978715
4890547
420
3571669
4132289
1338295
420
420
6640173
2370920
9758684
9940614
420
2866505
2499096
8485926
6429959
9017831
507005
9030975
7483154
8364632
8530106
9459875
181258
5894747
9153388
8787033
6116614
5261541
160388
7680981
7724041
3932715
891364
2947142
3554236
420
4984319
2132413
420
3575861
1497207
9808043
318430
6445619
3730506
6835242
6799388
420
420
9626150
8044040
4571646
420
9673147
1975737
470223
6358377
4065566
2121093
420
6834151
420
3828652
6670866
420
3571237
6241201
198235
2033098
420
1607245
2752681
4796339
1785232
6323620
7011310
420
2389229
2032274
420
420
279636
3287342
420
420
9349960
420
4618124
420
1076566
1728469
6821573
420
1835146
3015896
7085535
1737945
717058
1950012
8221873
8016351
420
5313119
6753386
2350128
663887
2920770
5679407
420
3900813
4807745
1386613
420
420
2737139
1280204
392203
420
8765953
420
3497320
2674526
420
644379
7388056
1227635
420
5154246
9654256
1993551
424712
7959430
8102878
3995750
4068491
420
8024906
8027788
8528563
4365699
2442529
5049821
5506220
4102215
7136224
2202640
9671206
420
420
1245674
9962733
1879673
8713771
4706949
2852946
420
420
5359061
54801
1884795
6992302
8603888
781785
3636767
3336465
1614974
2555541
4391469
2232292
7231220
420
4706258
6346240
6152122
1766446
5063470
198243
420
8389296
7602603
1847355
1984303
420
5387572
5304723
8108730
1374158
3856983
420
9276108
4871371
2387933
5117130
5450788
162606
5046870
8510256
4652157
26316
2466558
2026565
7846383
6978631
1242709
420
6241345
5112198
8850036
420
8373077
1181009
5208382
4690752
420
3810286
707180
6467932
8974211
420
1246037
3658883
420
2352238
3839950
420
3963718
6239766
5225641
9021584
420
9963686
103590
8907346
420
420
4946627
4180257
2402446
2786724
9162666
3975388
1589916
4230667
1113479
4305596
1966780
2027931
9999790
420
5167388
420
420
8194142
420
4084448
4861116
1998931
8700175
8329585
3084236
5295947
4461097
420
2295435
2368141
9740476
9612355
420
9995694
6565052
681508
8273237
206854
77679
4036042
5588112
1294631
9155606
6227910
3450043
8588369
8524029
420
6843152
9147329
2654219
1002100
6109787
2295029
3392538
420
420
8134492
8507835
420
6351308
6409003
8237680
2502852
6632620
8486516
6813990
7511066
2463867
1776785
3765528
2133104
6375124
420
1158402
420
420
9994926
420
1687716
8831534
420
1584423
7660150
8022738
8103704
6865942
232782
3328508
5636201
420
5336854
9040500
8084537
420
3745963
4808152
420
2463992
8418246
162765
5642674
4011745
261698
5097921
420
9397176
558156
420
8081472
7478662
7609454
9964089
6429327
4011206
6629895
2771024
5919177
2695909
5503388
5408992
2568644
2722829
420
9877297
4637828
420
2819569
1886236
420
420
6015125
4725552
1068088
7021559
627595
6540092
771617
420
3491312
7106907
1530535
420
420
4099440
6324044
8734411
3480812
4751255
1970259
7341569
3511524
7520807
8707067
420
8244390
9159576
4190464
4715841
6963326
879948
1498287
1811061
6863484
420
4937555
1894264
420
8679868
2001986
7257193
5164852
5327795
1919132
420
8022074
6078874
8025661
8905744
2856389
420
420
939070
420
3776343
420
420
5060038
7385437
420
8143513
329677
7689243
420
4777897
420
420
420
420
3260913
988089
420
420
7261494
548147
420
9309588
4996531
5693943
420
8003655
246963
5545176
6414699
8127028
5807587
7437434
420
25831
5268033
4841393
1357603
420
2307456
1709914
5502228
734451
536126
6181123
420
5046656
935967
6254768
1619835
6164352
6009831
1565897
5926754
7524281
7093119
420
420
5087706
8074033
7149886
420
9224026
4374000
420
5436523
6562838
420
420
7627622
7006998
6465375
8530068
7863134
4443472
6529427
1877821
8138643
4940589
7392824
5237252
4470985
5838893
4544324
420
5390948
420
4247831
7022491
1872352
9871029
3257961
420
2132009
1698290
5445124
420
420
3366218
8623941
5215467
1101783
2485527
420
5640220
1012331
420
420
420
420
20400
9279112
1678995
5639760
5189016
7738491
1583664
4135923
453683
29763
3495140
8929825
4941876
420
343035
4200743
420
8887519
3275438
420
9212087
8131166
420
7447933
2493762
420
420
7373808
5364741
4699916
420
9498577
6759960
420
420
420
2776757
7944710
420
582436
3369349
3101773
8113546
420
6213039
5079422
1781302
644555
9191983
4820282
7702247
9119744
9421987
2838246
9315837
6414488
7991675
558453
6542017
3028482
2538137
1277005
420
420
1245808
420
420
2526451
3082450
420
9564341
420
8883026
3711134
5364826
420
420
420
2086297
420
2709700
3298351
420
4595166
7429723
4855845
180585
420
420
1783089
3294136
2053892
7057874
1090848
7923177
1583564
420
9280813
7175470
420
9880736
420
420
6899008
6592497
2023312
4745783
1544903
420
420
8869936
9736304
7684231
4780695
4433070
1258985
420
6858977
4672406
9980541
3317355
9976166
6751650
420
420
947616
8282033
420
7347589
420
359139
5229041
5683572
1469450
9280902
598961
7961360
7389955
813533
774635
2860963
9174633
2258851
5162568
2096917
3502144
8726724
2127519
874861
420
4086163
4625566
420
7393523
5277013
5155694
8968476
6877209
8189788
1130363
9376189
9649757
9860854
9904299
8818790
420
3079998
2888302
420
348806
420
5134816
9140861
5040255
7109586
1699653
420
3515443
420
593458
9944614
420
8816434
2670909
420
4719256
1347598
420
8986294
4668221
420
6127815
8232891
9374778
973037
2952419
4207814
4526171
6102592
2634465
4158623
8229031
2858625
1990537
6668715
1271973
420
2516123
420
3588640
3815426
174198
420
6937012
4806358
8756673
698317
7061647
4749926
9247748
7802651
420
7713451
4716694
616099
544633
6936251
965440
7831690
2364709
372890
6216005
3288923
1202169
1977048
254251
9782121
9111333
420
2177685
2164625
5089341
2972000
3705307
8853521
5934155
420
2607386
420
5293442
1580891
420
2553037
1479087
420
420
420
420
6863436
4889043
7538200
1436909
9615042
9047628
6129199
7669793
5823848
6590686
1233687
4201321
4555694
420
420
1517274
6608558
8043048
4681068
1957845
927336
9400889
7383756
5465798
3434666
420
420
2215241
420
8959901
1708494
4646203
6703761
1233901
3147906
420
5972464
420
9928314
420
420
8701196
2074136
9972541
7289271
7203483
2255284
5950168
420
9657237
3353008
5506812
428856
628065
2582671
5224546
7690452
4700500
5101567
420
420
6168750
8477943
8746699
3665260
4529498
1275843
420
420
4499607
7923420
8749379
683146
2866177
2407419
8588206
1027099
3122565
3365378
420
7940424
8821733
8815615
9380900
5869408
8343447
7060967
4830831
2576710
420
4419886
607356
1755660
8245350
3244041
1118436
420
2671941
6691615
4447366
420
615664
8041845
7653371
2148662
5733616
1552573
1391344
420
6639255
420
6376116
9036605
6934346
5790734
9527146
437413
6026608
363615
909270
6814342
2520496
5275580
9012651
448644
542305
7094854
420
452523
5814191
420
420
5554959
5556251
420
9636944
2512775
420
5073744
3185490
420
7267604
9585134
705856
5839332
1474106
420
4616914
3784819
3870479
86072
1293516
6673284
57997
9394571
1747578
8115850
3093447
4103379
184542
4346715
7058680
7043587
5288762
3869539
420
8068989
7518802
420
420
8951703
420
1588903
9111434
7846206
8195933
420
2811324
420
420
8041048
6011925
4312175
9991953
9416402
3361211
1567237
5753509
6095901
8657716
420
6389637
9415124
8335159
6526491
5963624
9410595
420
4744470
8061974
3344422
9486115
1549800
5318486
2693227
3646693
420
2712958
3733696
4784505
6928140
1157480
3888552
3140754
2935540
6659330
1522892
558796
8207534
9649205
2348472
978512
1468551
6660561
2311989
1793517
420
157596
6802150
2159165
4035087
8122681
1778347
8657950
1268977
3766347
396431
420
2478053
5693079
3939020
1101527
5364233
1761295
7575747
846011
148476
2721864
6888323
5276254
420
9412200
6407030
9601099
5222103
3499183
420
1853486
8468686
3034260
420
6954702
1365266
3832910
4745745
8343081
420
9532865
2471708
5111385
420
7161908
2534976
8286840
3694074
1254454
3387947
7053406
1649650
420
417438
420
420
5934445
8977251
420
420
5241733
9956471
420
769676
7352303
3735183
82128
437001
8942073
4019664
5285775
9771880
5604538
420
7633685
9651460
420
844000
420
94883
420
9032905
3443648
2194725
7986248
1186929
6762867
420
8727934
496375
734185
650669
420
8747091
4494067
4214085
420
420
889268
1525882
5225985
8046813
113904
9632178
420
3956592
420
420
6952851
9767795
9032823
420
420
2088493
7412264
420
7822211
4815689
420
5770219
2044892
420
1139855
1107475
171459
420
414528
9242207
7375524
3342094
420
9993154
4093684
4004212
1821113
8152647
420
8339836
8460761
6514404
4129399
6741462
8179898
2779637
420
998963
420
7488234
5122950
5491102
4790299
4066901
1837079
9807154
4449961
726932
420
4699586
7839724
4845134
3203673
7225443
420
420
3900398
420
9104467
2477375
420
315414
3847669
3622767
3342667
420
67540
7886396
7111809
3334496
420
5936536
420
420
8791990
420
420
420
420
4219012
6172507
4862300
3607757
7492791
2309477
420
5917861
3416064
4101964
8302662
804367
307004
2477209
4224066
9720016
958398
5108136
2985964
9645183
1186777
9284519
626083
9117192
420
7732862
2332838
420
7634085
2607186
7018873
420
6107397
420
9157018
8256012
607448
8511724
8443908
1124751
9042004
5163200
420
420
5454192
3087516
4883768
420
420
863129
9256063
6533906
5226373
6734159
8309513
471575
4249620
7044268
5725476
1867731
4013604
862534
420
420
420
2178054
3921038
588643
420
9148774
5170746
9717375
4963975
9451004
3692719
5725117
5284750
328849
6328245
4583306
6513852
420
4516680
1197525
420
3195582
420
2451413
420
7753295
2955101
420
420
420
9781208
3027057
7273190
7755694
8363098
2819708
7390273
5187534
4427050
420
1862613
420
6932936
120680
5610504
7366745
165681
4936688
9063466
9673942
420
4826427
420
1277183
501458
3223630
3347532
420
6556074
5329822
550301
8042071
5513845
4145238
420
6750372
5228537
3028666
4448975
1532000
3916549
420
9405808
2872047
420
9697783
9357453
6753216
420
6363143
449606
420
420
6885437
5672810
420
6626925
732527
1659366
5895096
217906
9790734
2676666
1220760
7751600
8456310
923760
420
1101975
420
3385401
420
420
5680500
420
420
420
420
5501280
2021170
8885888
866740
420
6076264
9698929
4686103
7206109
7150326
4000782
420
4966319
5545940
3202845
8384983
3901741
9253521
1891579
4691754
4208634
8161277
4606832
6429284
4347882
4146938
8753974
3400892
420
8588274
9950290
420
5150260
3654399
5982034
420
420
4845465
420
4449429
5455919
9909511
7915905
413929
7282309
2861849
7883216
5867229
7264284
4696904
1135766
6625809
1155233
5305022
9210265
1250587
8702192
420
1047503
5705485
4904987
9950319
420
8980670
8945442
420
2904830
2161136
6965472
420
1347031
420
3250089
8687854
6845705
4869979
7438304
4233093
6389234
2587031
449340
2840495
7557105
7180572
420
6359672
9796320
420
6179323
420
8900821
3587265
6852571
7442983
5232820
4525968
8358060
8699919
9707812
5108350
420
420
6155222
8015245
420
3002133
872247
420
6962187
7265102
3495479
3802093
43590
9237788
420
3193328
420
420
3567679
1023748
420
8773946
420
6398482
420
7264952
9110165
4190736
724892
420
8637215
399762
3379875
8355937
4064958
420
7372547
3993413
420
420
9936257
2030426
510672
9251118
9470156
8106325
420
420
1820484
1637000
3630836
9490262
3744265
420
1116435
2518392
420
6606922
4286212
5461048
5632720
3475332
1273054
1406917
6311494
420
8163415
5847589
5931214
3774907
2196636
6458087
421311
4837591
3006954
420
9139529
5639811
420
2152632
9278551
2434267
420
420
7711705
5177355
3536230
2207936
684719
6342789
6773684
6801070
420
420
420
5494844
420
420
4594971
3546885
7587348
9045159
507522
1976460
8733489
9503610
1380419
7235935
2894341
848049
420
6881046
1527344
1355627
5196835
420
5206445
1129639
420
9424959
5984035
420
5439909
9886738
420
5003750
8099687
420
420
203348
420
4946519
245169
1228377
8064479
407907
1464301
8897562
6347011
2514152
2664395
9143317
2251468
5715816
420
9256112
4113840
1180433
1309156
6742589
420
8374776
420
3996997
1742075
1956239
2514757
5713698
3211521
7826107
1748938
1958744
2416910
72485
5711760
4643409
420
7003275
5143845
2219195
4602422
1509158
3321480
8739881
2788814
4991927
4862504
7664669
4327985
420
4712382
420
420
2879198
420
420
3907898
8184682
300443
9908558
420
420
6894615
8964450
2677115
4387732
842565
420
5022073
393111
420
1255582
1724666
420
420
420
1966822
7935313
5856826
6034205
2595623
3821479
420
3167250
63372
5371827
7929684
9725817
420
6775181
3984351
6314184
5257245
6478607
7756793
420
430337
9101108
6641401
9527355
9951313
8733933
7178903
3712844
340582
1438473
9108749
4344841
791693
420
3389505
8131476
7793758
2368701
4853836
8745561
4026135
9479903
856177
3755653
1907286
1685789
4905822
1016080
5686634
9165537
1004999
8270907
420
730981
7863417
5167572
441318
420
420
8549626
420
420
1753753
6698525
880839
7208969
7306961
420
420
420
9653560
2577995
6550304
6226357
9631491
5390027
9077011
2629737
6456180
3492793
2550635
5765600
1782529
420
420
259021
9993779
4903517
114491
824911
420
5309909
6899584
4319727
4036489
420
420
3313649
3545947
1761043
7497474
420
1250244
420
1695627
4504701
4798688
1809804
420
1571727
8579939
5406435
8774609
3835469
3163444
1694528
8733569
4645896
4924793
420
5640215
540841
4782629
1231329
6998227
7057901
420
160619
420
2208272
1689035
498723
3414034
9615628
1543574
1440428
9630725
3401782
338814
2843793
6910532
2027806
3957407
9689275
5671237
1289688
2880850
420
8343249
9652842
3833454
1419583
8292930
7923617
420
420
4219306
1291753
3049834
420
192493
8209070
8979681
1895703
8043489
1182824
420
4570170
4787615
7355595
9557594
9951496
4869978
6188121
8682575
1981919
8067934
5891547
1405589
420
6660714
1046140
4146246
2398860
9206634
1068759
5420413
6491028
8421715
2464864
420
2639255
420
1385357
7470676
793952
420
9529209
6543691
3953209
420
4588833
420
5345569
2535210
8079297
8606772
4586748
420
420
5496064
7851191
420
2136616
6073442
3975572
6255907
3712746
4389810
9437981
6462948
420
73054
420
6555106
6614563
225705
1984691
2619242
7687250
420
3307233
420
7706823
2859922
3729078
7997479
420
4391862
9020141
420
420
420
8691619
8744712
420
7638989
9723025
4273361
4634957
420
8152150
9712175
7512010
2575921
3873153
6366925
7662669
7051887
420
3777605
5252111
4360474
4487187
2919723
420
911656
1073600
6889446
420
1787323
2107295
420
420
8022683
2110906
420
407413
1104135
8346156
4001623
420
7846198
1739140
9376378
9115508
7541279
7802064
1551171
354947
420
6493827
7909879
7621495
8280855
2972721
2603544
2005604
420
3352368
5549221
717378
8748320
5931630
420
420
1155423
6828573
420
411551
3341747
4098241
4059274
486955
2827049
7319204
3894820
2711451
3533101
6251961
8104638
420
8460870
4104838
420
8559691
6424420
6192451
9417338
3894725
870505
4983911
420
7114439
420
9491446
420
7777795
6037635
8379198
4541979
663
610345
1794305
420
9955059
4428149
7257064
4289365
420
185772
1501246
6540324
4252120
420
1989616
877253
2713759
5857560
7150872
3895499
5316785
9033436
6581748
4942040
8020833
7811458
4983131
7525864
420
420
8009241
8777301
7621921
420
8559935
7659188
420
1061628
4973371
1522255
420
8054011
9163706
15287
9828524
3457414
4007439
420
6869602
2541091
3194427
5133344
1413857
3935692
4510542
9951193
420
7570355
1201579
515729
6995575
6361537
1018032
5645443
420
420
9575154
420
1987869
420
2428513
2244600
7536046
5698406
420
420
420
7439657
2050812
6329564
420
8135900
4641138
3826755
8834179
420
6635099
6988251
3705413
446551
420
2073659
8638971
9107636
4762502
420
420
2701689
5422547
973874
8855481
420
2392889
9288040
420
926823
4004680
3221055
5940387
791781
2024586
3381995
2355311
9841493
6329805
420
6497319
2252193
420
420
5923030
200473
9887241
4903979
8943325
2149934
420
420
252139
9031654
420
9598990
6106156
7873527
2410217
4479325
420
420
9182543
2769590
5772319
4444433
1452952
353932
420
420
420
8996229
76054
7364206
420
420
420
720484
6007903
16491
4962096
5062558
5415305
9856579
3412683
9568961
504686
4792862
2630461
7581070
9692340
6363404
4699787
8485342
4441290
420
6401735
7616801
9823570
1342326
9857177
969497
1590486
9031697
8071452
6857114
420
9565037
6687769
5001394
420
9818627
420
4413179
420
420
581694
420
9463684
9837678
2800967
420
681000
1250846
420
7357178
1757018
420
4638034
5684277
4013902
6149511
420
4546762
445359
7658705
2541157
6588576
1434973
420
1150337
9831793
1140674
420
9878861
9689601
9580816
8673436
8807053
4565914
5692591
7690369
7882284
2271434
420
5480443
6307560
3490561
2735709
420
5115000
9915557
420
260166
9108857
4452603
420
420
1272641
8246314
8634402
7805351
7661167
420
420
7533765
7709073
7171195
7958673
4790128
3997519
4752928
1495289
3786411
4448726
1626053
6056611
5194251
2042194
9956769
7230993
3907748
420
2660955
3430566
6366257
420
420
1263057
420
1418751
6457920
420
5972113
842099
6598429
7253438
6805970
6392377
5738737
420
4193735
5486659
420
7810597
2040628
420
1643189
6245558
8952159
4532021
3536801
2200153
2084371
420
8212222
1293243
9105062
420
6395140
3838377
420
420
420
3601686
8327223
1870990
420
9143676
6347836
6246631
1162177
8855503
4184472
5373240
2768502
2063508
730423
420
1324519
5914957
420
5070470
3413447
7859344
235040
5915448
6276536
8239683
356826
420
924619
8534391
420
6183134
4501718
1985206
2430238
8087752
6335199
8515143
6317918
9113685
9496294
3439187
420
6896087
2586199
3997312
7914787
5193729
420
4229267
7999672
420
3400633
6521428
7784384
2451319
2780844
9030316
420
2651202
9470829
420
7101784
3630502
2167141
3244465
9274972
907222
2121328
8132800
7658727
9550360
4173008
7387983
4593372
420
567067
3674220
1446044
4522138
7203519
8817006
420
3395871
3193343
9981527
1153540
7091464
7980623
420
420
1330875
420
8782989
7934862
4055887
420
8558461
61232
508876
7894863
420
3266473
3503881
768070
9457863
9630915
6387396
5210726
503480
8571272
3068855
2646261
94224
5006929
8843030
420
7178851
8964663
61436
7233307
420
8942370
420
4887698
8123784
8034340
420
8699332
2908144
420
8443650
8059765
420
6431050
6716609
3035649
420
420
420
9232028
3932943
9160235
7184335
7142604
874326
1983582
3869228
3853355
420
5028014
420
2197427
4128575
8562004
2474209
1799637
2851722
5149151
6776370
8473854
420
420
421818
420
5761323
3844607
7204591
1549567
2327282
420
2453981
7460923
420
9154899
2788671
276178
2465380
444916
3494935
8846135
8824389
6170818
4131386
5445547
420
420
9955576
1588268
6586785
3088111
420
5821520
8734361
8874832
6683010
9423785
4188308
8210008
6180584
663381
7814571
5171472
420
5064651
6399294
420
5617934
8403722
4507338
5879196
7950887
420
1496584
4627195
1977745
6442562
6211174
420
4695915
7286944
9595497
2193810
9599832
9947202
645355
6587584
9294160
1437583
5525970
2115473
8668653
6427368
1026041
4307078
58912
6466889
7630432
420
1762574
1499526
420
420
7578245
6350934
4057486
5577535
9677411
1463168
5276701
420
9366776
9164183
5737452
8261702
420
2318324
420
1478924
5326269
9120228
8095685
5582232
4964707
5733330
5184609
420
5945175
8057095
2098604
1658020
3989481
1030733
7202770
420
420
7734586
420
3076771
420
420
420
4964249
7858608
3343476
6435331
1766973
6435176
50028
3566317
656273
6690338
420
2444565
6994129
2995202
7248860
2713716
6293586
1875814
2302959
8682647
4328422
874918
1265031
5145886
1536808
5849212
978579
6307271
3058268
420
4535346
420
420
8175143
420
1932286
7171452
1862123
6526618
6760151
9534030
2542340
9798891
420
420
8885547
2132217
840474
4341644
8896344
3395775
7344146
1046930
6069484
8197582
420
5167194
420
4666487
7236869
7592176
5790161
9934005
7988215
3727457
5023412
2156244
9460805
1205398
3048698
4206960
4768027
9725589
7005462
6043543
2235564
5228446
6431367
420
9640049
420
8242960
6176319
420
6788691
420
429155
5857585
1951686
8777303
9060967
6260454
420
5273085
9648459
89859
4190098
9997959
6769954
420
3916860
9874749
6541244
4047319
420
420
420
6288776
3951070
9098442
420
8277071
3630840
420
673599
438724
420
6739224
4224845
420
9173992
227074
4403069
1006973
2696715
4533105
5518328
7144130
6218966
8137174
266216
462213
6424134
2162798
1941915
7773074
9112146
7354184
6605323
9052565
2421086
5317185
420
914605
1285938
2270245
6743248
3486410
420
2504832
4348070
8635530
1706566
6818755
1600178
5201937
5485742
7336888
7504968
7747937
3686915
6024117
845503
420
420
6127697
3528486
7089578
420
4487855
8254570
1144653
5673231
6993090
2708873
7355935
420
4647334
8586277
8976494
1724137
7221012
18817
1554483
7719481
8405005
4132423
6445207
8319305
2841747
1680702
8420142
420
3901654
7923510
5372772
420
420
420
420
37761
8789027
8525599
420
8088488
6612471
681801
908401
1214454
7041402
6757690
3952252
2193658
4690241
8402606
420
2627912
924080
420
1493954
420
3049407
6705339
420
8582560
97869
1250917
9784146
4823446
4512616
900030
3957999
2776577
420
5722597
8036869
8207693
1986509
420
2266593
3302953
7679958
1332684
7073147
420
420
5945011
3233776
2880095
4655080
420
5369855
6492536
5427127
5977587
184987
420
3646126
5627496
6225628
2486912
7542046
2676744
7404259
2200416
2910994
2520746
1630049
420
420
7765723
3033650
4581435
9910784
420
4502998
2655010
420
8882717
9802122
7628472
420
1424959
420
5664979
1998610
170706
3907158
4221535
7019516
2851281
8904885
3446718
3010168
1297525
420
4242912
144135
2806932
2154932
8495702
4182811
7096021
9848520
8792555
901490
4007228
6196444
178440
5082716
629070
2212206
420
420
5071389
7822277
420
9831420
420
7865978
5381296
9798062
7146447
5731295
1807688
8940570
6091279
1606427
7966336
6866567
8414482
420
2604440
420
4312639
613274
3314990
420
350875
3856823
2494418
8737835
420
6280598
6630211
5270803
5747850
420
8775788
8341245
4024482
420
302123
7309895
420
9023591
1777804
420
4285850
4598780
420
420
592399
9584958
2230505
8966282
9358102
420
420
8155665
90955
6609058
9237741
420
420
2378068
6464773
5794029
9268670
6113162
420
6951643
1691314
1538931
420
2146446
420
104471
6138238
420
3415977
5108829
1321275
8781093
5691853
8776590
420
2004672
398436
1652639
3304670
8413893
8423700
4359644
420
420
4652422
6685993
420
420
420
9307348
420
2445952
8747777
9736024
3349021
3334454
4278546
3959059
8218142
9339668
1721938
9251299
8145843
8789391
3445705
8400922
1735323
7089250
420
9930054
420
420
6805019
2403200
5846665
6173623
4063547
709418
2349635
7800493
2410618
451530
1193755
2202629
1583482
9882540
1680010
420
6668288
788174
8920887
7597691
9366714
5337850
420
4972964
3146721
420
919218
420
3270744
7570627
7747390
766646
9219297
7728632
2018264
420
244474
5636164
420
5146313
7695787
9119464
3489010
9269227
5618075
9935388
8361421
8888745
1002699
592517
5433635
7436239
420
8861838
6662261
5893257
420
420
8445789
6351425
3458893
3241181
420
1558197
783541
420
2194439
6849085
4178111
420
420
420
8020518
420
6607357
374632
420
4401460
420
1674239
1006846
6740590
9845747
420
798871
6928377
5221133
420
6423526
8118530
9226224
3328542
5699346
5993099
4095782
3679853
9506041
420
8906076
7577227
420
7384754
420
7850703
3903958
4981035
420
420
2550149
2086420
7191988
3826800
5229531
4836172
5865963
3188432
8248268
2401788
9979373
420
4659203
420
1784841
420
8640844
7060766
7788019
6113136
5795254
420
3038892
2504065
9299855
4509092
2667298
420
7362028
5169095
1489876
7528876
6833210
4929918
6105921
420
8089361
6655429
6161918
9220106
4569279
447031
4818392
8861647
420
9245862
4737766
9223870
8277433
2354280
3631844
7350638
9240844
9961115
8970437
420
4966358
4949922
2517787
8893218
8372728
420
4981247
5329137
3480713
420
942870
1261117
3319324
3637241
420
420
9781817
420
8867782
1066203
1559642
9135635
420
8199454
9033222
4391266
420
1372657
3290815
9108215
3251221
7526
420
3327479
420
9479758
7127416
4929691
5226484
4149150
3225223
2022960
6154265
255925
2637955
2308076
7184054
7373487
3190629
3847940
420
420
1922582
3181640
4144897
3483655
420
4446603
8426928
4910743
7005929
4834247
420
420
2886440
4457343
4844464
2263463
287165
561062
420
4883122
7742246
141675
42765
420
9887716
6818217
9364335
3532718
5495565
9023728
1873839
5242701
5581219
420
2182346
2055456
8373647
420
420
8939202
420
5501462
4654765
3825453
6161725
6233189
8362284
4900838
319091
420
7737130
6200765
3667019
3183699
8239502
420
3617407
6738204
1938229
6758504
2290627
5562942
7480811
8137519
8640288
428629
2655398
4979204
4406948
6436490
4225260
420
420
827894
813671
420
3831242
735
5482772
2882813
2295042
4333193
2368372
7884955
420
1414886
2902597
5151642
2345406
420
8710865
2035748
7640791
3521077
6019567
7673046
420
5958954
4116903
545615
5733263
597267
9660977
420
420
1758832
420
420
6801219
420
3831797
6273559
7588872
9556237
5867112
9004448
8360985
20219
420
950172
8283021
2082911
4690538
3763016
8401801
373327
420
7662195
9987304
1736616
4912828
5169205
8035571
4086078
2087338
4896380
4901609
9756608
4184879
6604030
4999494
420
420
6628272
4498052
7100689
6367681
420
124133
420
8799947
1399546
420
420
4553321
3414263
3980981
420
420
3407453
7034847
5004717
669421
420
6938600
420
7067521
5073222
420
6440671
7283748
4483578
5878292
2487946
8221066
803186
7918186
7109869
5130343
420
6968415
3679347
7070979
3014345
1332789
4361624
472561
420
5390907
7390488
6026447
7680617
1077923
5921161
4987303
490654
45539
1144024
302449
3176903
420
502846
7188122
2213208
8913030
9065847
420
7623000
229009
3183892
201892
420
9294966
6586936
420
420
9112012
420
3329002
9786404
2961716
3100351
5711473
5479899
8754208
1530206
295447
5496750
7670246
3115974
8686014
8022041
9741912
5504135
420
4577652
2075172
6516770
5216908
3541365
6855916
3144609
7714167
1910787
7155312
2124907
2224276
420
522145
9189371
8405790
3811078
9881405
8921901
420
6210201
7289233
4132958
7546989
420
420
420
7670519
3951546
7807302
420
420
6358202
1870429
9015368
420
420
493267
6084160
4347675
3375743
5402884
7042761
4794702
420
420
7104676
3973514
5718475
7372165
8635248
7753677
420
420
1560920
8609989
7182079
5039439
6056158
2634417
5615362
2484920
420
7049499
6760951
9797499
5852125
2588688
832448
9278011
420
6569793
8378303
1915174
420
1868358
5104937
8486631
9632932
1928898
676971
420
395315
6353242
8430329
1323118
420
420
9291114
420
7357224
3609983
9100439
420
651380
8885398
645877
9431481
420
5589619
6215690
737882
6713454
6107744
2928939
420
420
8235699
420
3500732
4576385
1613467
2081863
4404528
420
5580260
5658165
420
6068487
5793819
1609864
4254851
1417852
420
8191042
5583164
4049987
2492014
420
8035887
7442766
776808
2284726
7859956
249214
1498455
420
6646348
7010427
420
6401372
8586376
6548791
8154290
420
420
7382089
8505259
666337
420
7505539
420
4229692
8489209
420
3045281
5940839
3950508
9643596
6180152
420
4554428
704911
5966976
1852360
7614695
1704558
420
6160297
6851293
7531593
4729875
5198805
420
8916026
6969975
420
681033
6321084
3732089
2329479
2563520
5627955
7109874
2245189
953443
420
874659
2526107
9388485
420
3633535
4734361
5507218
7074839
590319
420
8665947
6146734
420
8570910
7827110
9972026
7491130
7170729
420
4424771
4112221
5033860
5025001
5853210
6535644
3138679
420
5657297
2849892
3011355
9691205
3392131
3436906
5128903
420
122349
420
420
754351
9732428
420
389757
1515382
5819131
8841535
8952060
4566339
9617797
8905904
8601729
387249
3107684
420
660518
5558549
2435265
2778455
453621
420
420
7509901
420
420
7749737
8445494
6543603
8000494
65319
420
420
7706946
420
5729409
150315
7374764
8730737
9183975
4927793
6054440
5652090
2331800
313336
4199371
9895876
4647510
8360488
420
8612733
9356801
6910213
9639346
3614759
2908642
6023093
420
610464
7515359
9193287
8686618
3194858
4314632
9347042
6201576
3280366
5876012
4913003
7949221
8865215
2001008
1712808
8418061
4132520
2829011
8967766
1065749
8887945
7065159
7356269
3470469
420
8873255
420
420
8394903
5601867
6043195
4755834
8656685
420
420
420
6669373
5218568
7797581
7390920
2789325
420
1178833
1268243
420
9264333
9163257
420
420
2611075
578056
6820988
2372322
867479
4017644
5272312
420
6264049
1643787
434153
2513027
3343731
7739232
8842729
9953719
7439216
8822721
1444752
420
5624134
3107711
6578516
3743151
5037082
7877186
8581129
330236
4838410
7201735
5798448
420
8979818
1135353
8847146
420
4262143
796591
2394360
905823
7281288
2774721
6422419
420
9981974
1729387
7638615
3614877
420
1238335
134245
166249
420
420
5218192
4530811
420
3178617
4314530
5803900
420
8938137
8716686
7841273
3368930
259165
8117069
6464512
4477187
8112710
2054469
1296672
9843935
9407710
420
6427650
2402058
161616
420
8313834
2720006
5560968
420
420
5425254
420
8089973
7019012
2682820
7781527
7116972
3935015
4665838
2069135
8866407
9960323
25575
2623505
9712518
245370
3589451
420
4562614
1541998
9546728
5498150
7550380
2896323
218542
3750263
2632274
165609
420
420
4823844
4256986
8961153
1440062
5467283
4599852
4020989
2218383
6202320
5781331
9169534
420
6761310
420
6750463
5569776
7381641
291551
5838735
6341294
7504617
8147615
245727
3226991
4211548
5972415
3997269
476190
4917155
9108038
8564567
602201
1958681
1519592
536439
420
9795303
2814110
6532887
6599527
1584472
6292282
8856918
1930514
7442986
4321938
1353841
944202
1047023
5512663
9031835
3925462
2121307
3958443
9847327
7891963
5822439
420
763248
3988312
3688798
6696966
2520980
420
1963573
420
2199767
420
6830660
420
9856679
9496677
4223756
5499605
7515718
420
4353677
420
3953527
2529536
5684998
9699422
578056
8600448
420
9244212
420
5086481
5340041
8644045
9967011
1073222
6711001
8445503
5584134
6807584
8609099
1793750
9957424
3265425
420
7087059
420
2146525
420
8347620
3024601
985289
420
7528595
5949421
5110037
420
420
9758221
2542144
420
7987322
420
420
5256581
5588381
420
7097698
4492596
9335037
9399453
5248399
420
420
4777927
7046101
2098305
4045819
4635833
4797751
420
4642240
420
4867411
600870
4331043
2036825
3558462
4067657
2594054
420
420
420
4923769
8856538
1537201
5435468
420
985233
7013085
420
420
6378494
6290399
1851490
3998453
420
420
3812722
6020123
5705522
3803426
420
7668729
4576395
1196348
1333133
5409133
420
5065396
9183312
420
174396
2688520
2928430
420
420
248774
2566540
7483807
5016075
1101073
2930506
3122565
4045499
2353478
6405040
6642694
9014488
9752412
420
3513896
9397711
420
420
7927920
1366231
2556223
9778885
834177
9667619
420
5556723
5960713
2923929
6919134
811538
5596770
1107603
9795616
7042516
1682370
8187571
2925780
7624167
8746969
1370811
6384363
6718211
5745874
6726140
2086935
7316759
1522836
8299021
6291913
420
9131127
420
420
135179
4057848
6105786
1501218
420
7597421
7298826
8487334
7068215
338251
2164490
7793707
550653
420
420
2502752
420
6403222
6124157
626835
287849
8546113
174780
9046240
3221762
2358912
8490523
420
306657
6202138
8950216
3330569
1053124
9204635
1811979
4345235
5347759
420
6557670
3223412
5562655
3528117
2070272
420
113233
5195934
4107237
5910556
1309348
420
9352093
1473364
420
5692378
3520624
6287904
420
7688124
2053093
471490
1933457
3350632
8318225
1676123
420
4659459
7882055
420
9630029
6674662
5217344
8927496
4282187
8444352
8116890
420
420
9424398
5466375
481167
420
7811326
7077718
420
420333
1629237
9905346
6982190
395633
8400071
3047798
9523971
695022
5816858
4225850
5457020
7890301
1505192
6923150
420
420
6691260
8298690
7180612
8689803
7263180
1731217
7682488
9457873
6219758
2201372
420
17525
5252319
4253010
8867285
2780576
4304999
2519614
1351624
8602398
420
2545108
6946535
420
5835800
3393680
420
420
753698
420
2093671
1705562
420
420
6058113
420
2002152
420
4730714
6137520
1900253
301281
7997622
420
383842
9638699
8890508
3773456
5071159
5555159
3593872
3858046
7043279
6390678
7362466
5164507
5327451
4765691
6037022
805672
5755371
7441949
3900029
420
5359023
1312914
184500
5441462
5133664
420
9182006
5686253
420
3767257
9212340
420
420
9364550
7480162
420
4976693
420
283172
7863401
813066
420
420
9164079
379961
7155423
3984859
3821934
420
7560433
4800956
420
8825135
8569843
258902
6149557
3360672
420
7056316
420
9632697
7319862
420
3607231
2835510
420
6920542
2603011
8302487
420
605021
9323879
4028540
3595812
2445387
8453802
311529
8201329
9284319
490303
420
1159510
7962868
7961593
420
8728650
5401997
420
791003
3397609
7686701
4766774
7187281
9989157
1921970
7986019
5667138
1763989
3287056
420
4347468
6576527
6193886
420
6775432
1859698
4837371
5382345
420
3407405
3344022
420
7618704
7612965
6457755
420
9794471
6709145
3702721
420
8329120
7769691
3462857
7613222
8432074
5420918
9442372
3234916
3062077
712996
329496
1668477
3770105
4201699
2609798
9111566
826205
420
8710948
2657260
3618466
9001346
7043736
420
3776846
786678
5880968
420
5665561
7894422
2245149
9366338
4963505
5631836
420
7183330
3460019
283351
3831448
420
7048223
202179
3832747
4658391
5523053
420
3856182
6858462
420
3668101
5870540
8088174
420
5688185
6487629
4180848
420
3133607
420
7238060
5527150
420
8215285
7148009
2849817
3800104
3382654
7382155
3052698
7263160
2336414
1949217
5567593
2759364
420
420
137783
7523186
420
2659565
41606
3531070
5003353
6414583
1792951
4309033
8608986
8621519
5444332
9303152
338304
9126660
9327422
829387
420
32692
420
420
6776619
8169234
6767332
6399693
7778416
9294659
420
7524995
9807894
1148692
420
6273762
1527567
1888796
8739511
427562
4429645
6460321
1908764
3978212
420
4618177
2615036
960424
8044771
1331891
4098195
6576128
7216134
3438029
7009885
2692898
1377786
420
4964857
342292
8141792
420
8606382
8872546
1474344
7929123
2525223
3689127
420
420
9698896
4841102
3734521
6710499
5061924
7058250
8517267
2526493
18812
420
3027900
6141190
7981219
2417093
7869323
8592927
420
7727382
4900966
7790413
7758880
6210547
7827326
8792803
6996025
5317376
5970065
4022562
272948
8714122
9232592
4500642
3814035
420
8022687
9330009
420
420
1696125
6336368
5183265
2467057
4881356
5252603
9737356
2930720
4717904
2911208
6231058
420
7348703
5725589
9566976
420
6590661
507612
2955566
6362651
7973341
8463086
2092730
8986115
8469048
7554741
7062254
6191639
8146033
7095565
8952917
8760436
7909147
6745495
420
3766155
420
2173110
7304928
2158505
646934
420
681258
420
3646653
420
3873227
420
907711
775849
5614663
591580
789706
7072860
7445848
420
420
2254415
420
9311888
2979790
6417911
344804
7956014
1670442
420
9996591
9448680
3836220
3215755
420
4728469
9491245
9438183
1355905
4449233
420
420
6850181
9940584
7442675
400772
3918951
7228811
9141349
5830715
420
4241630
2964300
420
2490765
1578336
9994561
9062847
3251915
8026213
1016230
420
9158168
7971978
3959120
3741993
1361051
5846314
7646307
9046331
5097507
6380134
420
5747693
9966904
6173548
7156889
7692806
3030687
8625314
5705075
420
7919134
5974511
420
964484
8963230
7960748
420
5822108
4121624
9984812
420
420
420
2427294
420
5155264
6697821
5818735
4466415
8958556
1910120
5192194
420
5980071
420
918492
6461165
7089415
420
1041122
8748039
420
111370
4195353
4231715
9538021
8836734
2974489
960133
4342608
2855761
8352148
5739522
5737367
1151815
1048191
6332747
9487846
420
7117767
2936492
3023077
4643687
5888084
8092501
7227721
3881245
504968
370843
4077931
8069831
9255258
420
2500663
420
892906
1959755
3411170
420
420
420
5122399
9572695
5875476
5100756
9587086
4571424
2579172
420
7172729
9095836
4209039
1098363
5105436
5898227
9771057
420
4748273
420
9727875
420
8647288
1970705
420
3716469
4795405
420
1324533
3985711
696969
2975221
6217311
7688286
7194027
6624121
3020673
420
420
4076677
7072117
1137837
420
3610477
420
5679235
420
5890660
420
2499589
9845043
420
420
3116557
9277779
1499205
420
4662927
4886100
1576100
9544277
420
3377086
40296
9714516
3364217
6811650
9395225
3454348
2337166
911222
3262605
420
2427718
420
420
3275803
420
5899836
420
7175791
2502657
1136106
3188549
420
420
8811177
2422640
5968321
8679703
8565497
7457912
9571886
9515761
3358272
420
3219762
8736790
420
4274392
5290193
1679621
420
4422252
420
828526
4162163
420
420
4001513
420
4420613
6448636
4232841
420
1432193
9355029
3218476
1697063
420
1718795
9734400
420
420
210018
6592752
4415154
2552136
8397421
5509364
420
9318032
1911474
6365140
420
420
4330980
9362098
7761624
9703379
6268085
420
420
5978530
9443345
6876541
420
6581127
420
7845434
6345685
6777300
420
420
1146930
7584476
9163056
4155577
342181
6848362
5489784
6399897
316961
6626953
8415907
7022817
420
420
8183448
420
7044216
8121875
420
6416919
420
420
8450353
4064151
420
420
8328566
3637706
1606628
3927728
1590040
6153092
577254
5647161
2220331
3338157
420
6521339
5917214
710510
6572355
8589057
420
6135781
420
420
420
8535033
4263333
6412603
7536005
9630662
6293763
3808391
6360447
420
7303322
908260
9384720
3672461
420
420
6942494
5246394
420
420
5316817
6865125
420
5544205
2860970
420
1233164
1980
4319288
420
8565803
1716445
5490894
7025951
7970787
7170095
9594703
420
59465
420
4932864
3181317
4907574
3790225
2314783
2908800
8779383
832431
420
420
399713
420
687954
5232359
420
7171359
8045615
2125711
9400005
420
540268
9959414
4308828
9490321
9629386
420
2054335
420
1784778
7368829
6386580
3740930
6848605
1292089
4223538
420
4035551
1775704
1378620
9400609
420
3257747
420
420
420
7067101
420
7764989
8857524
420
3501549
5802498
9504656
6524805
1590202
420
2320786
866748
4954726
1856565
2116618
7620559
1079777
9245760
8212544
298772
4418695
420
4212213
3293805
4075619
8930626
4572000
1555578
4078470
7837533
2041180
4750387
420
5433789
7505623
1027826
420
5979701
8832728
1490497
2282050
9508480
9230234
6317525
588586
3592419
4824812
767767
420
7060230
6734847
6963971
420
8175406
8645097
3089376
420
7140880
8533827
5279851
4836208
2846393
6788396
9114680
2738568
3425066
2080461
4508642
9347485
1859007
420
7626233
9926818
9553262
420
1941297
420
8152819
420
9957523
9098728
420
6353923
4469949
9577935
8743125
9907484
3554923
528232
8345508
7517386
1684801
814631
7278263
420
5056380
420
420
2839544
9739566
420
9413329
2055385
6271358
6683718
878255
9197191
1490057
420
4641858
6158947
6157261
420
1311993
5683251
6153861
4054176