8767437
6439774
9634459
5556927
2902278
2669119
8842122
5754817
5479201
9122687
8784632
7008123
1288209
2060696
8663745
6750462
6416409
7622682
2406147
6287591
2492162
143562
2849028
9799474
6854197
2692482
5246353
9642581
2601451
4485569
6387628
8592449
5687982
5208671
4272116
5053369
7504199
987884
2683574
4087124
1720423
1823002
2568832
4881461
4334942
1198189
3341419
8052884
5943968
8414955
4320758
7716944
5633379
3591286
7258199
1695822
1049138
2687992
2974989
1530374
6726959
1954393
4808093
4033887
449853
667495
7943362
2722655
6661756
3038452
3912576
5711727
2270598
8488871
3622920
9654035
7974260
7393926
8616133
8547432
5056455
3370483
8277498
4979597
6175817
438260
8894771
1544855
715323
5579320
1640985
7064665
1828328
3839002
476167
8870735
6577661
1385414
2172216
6662981
4996593
3548983
3521280
216081
7198955
2317597
5097442
4376263
8222412
8627574
8451024
136919
5006047
871906
4366524
9075572
7058608
2672398
3074457
789131
3617609
8176886
7473243
9163601
1394657
463229
7133466
3275591
6756751
5487304
8373485
9547680
5316531
1404427
2031853
7095657
2713316
6818102
5554306
6332182
4975316
5365645
9880361
5042284
6838514
3261968
3298874
6407303
273845
2455875
4213237
8882694
8842238
9469624
9087419
6809831
501093
3561382
109904
5312161
4257760
6025786
3018013
1121373
9884064
3207444
7660769
1107996
2312576
324782
7447035
1316391
3037204
9206836
9105603
3586976
4901930
4756741
3924635
7822861
3641196
6188422
1897027
4857771
5094558
3575027
6058333
9429464
1107886
8481237
6893759
8893764
1532238
9464148
7412015
8124194
2939462
2149
6266648
3516018
1121683
2302975
5973977
609229
5211071
436933
9878104
5149732
9937530
959634
9960095
2043365
9817698
7181010
5197184
5163420
3924373
5198928
1113833
5545278
8173194
1755859
3828689
3281329
6269634
8482485
1759192
5444724
7066927
3688892
8714701
4342806
2431452
7690607
1813632
1658673
3836490
922768
5455416
9351070
3438768
1206522
8187701
5951601
4202683
4767005
9504822
2716812
5610098
8581855
240700
6298648
3774757
417216
422135
1416313
7488532
3583026
974279
9830421
7952975
95864
1490892
2353749
7251566
8224507
6514617
901853
1953661
8875886
8246312
8350828
9732097
5698405
5055196
6179295
655974
81407
1349333
6378378
2581823
9130546
5615070
1638050
9787121
8041730
5606259
3282186
1775543
3829689
7563544
5356805
6372418
5174319
3308719
8418407
1695515
4411785
9605533
700901
3045891
6503278
3435962
7877437
1911014
2703822
3217554
5975526
2212669
3708943
1151496
3256204
8122168
9139756
5116562
3488138
9552115
1795044
2902387
4590193
1238987
3001528
871548
6768358
2829277
2228111
486717
3927448
7614169
3982618
5778579
9748131
402313
1845099
3166780
4459406
7739138
3153860
9379186
9585402
2022643
1528593
663530
9580863
9574993
3283738
9837221
6400027
9634532
4549860
6222630
5488732
2023065
3806797
7320375
4985383
6788397
7964893
4883150
612430
8739266
7343637
285881
9794700
2867736
5814795
2933941
9973611
602409
7291582
3908703
8215105
4807126
1992989
6962323
4073439
6787269
6160218
29682
5692350
2832405
2498772
7731770
2063229
9004883
9101459
3574147
1290474
1177437
5362597
1867381
917859
8937595
5848827
619878
3556226
9190279
6606999
3306169
256660
2043592
9438120
9380722
8528747
8961004
1599777
5912039
9562421
8658396
5892960
7036898
4895934
3609469
8848911
4411766
3574341
2564041
9444537
6023252
8843340
5523953
9066790
8101162
1928870
7071717
8011930
3503958
4719674
9139605
3874517
9541315
8490291
7564168
979424
8095755
41858
3063395
736239
3605943
3427352
362756
9128485
1841013
9657428
610258
9758364
2516733
2688790
7668954
2059090
9954825
192357
2784151
1895136
2239294
4742363
6323670
307076
1463642
7991732
4687741
5547986
2328360
4416949
4266421
1842729
3342090
7907149
4517879
2177592
9158006
4594615
3593247
5593464
6309752
30165
5431383
9364199
2636650
5235174
6196281
4757569
4169824
9351930
8933803
7743487
4165490
502556
1127070
4840209
1418725
1892961
7644532
6506042
4000041
7242454
1905756
3849085
5776449
5018599
1982715
4477819
4457406
4068064
7613768
4290281
682497
8030326
5758801
1043341
1121803
32463
8856435
8180898
9783260
9893854
4651929
6687761
7301682
6602856
3094690
3230825
5753717
2027662
6800867
1185751
6143521
1197436
6624012
7502199
3463333
7328387
6979972
5035861
8723449
7022930
51221
9245688
8304572
2604803
3406374
8250494
7547960
7620549
41201
499260
2174396
5260931
4296076
1783330
9159768
7935196
3105638
6693788
9390547
524981
7194774
4072374
4872078
107513
5465685
8763452
6215521
1627429
1390575
2628866
1618871
5153229
5171669
2314623
8356545
2713384
7032709
7107320
5587242
4576446
3533519
938905
3131872
6532290
4251392
7149964
1776276
3132069
6063650
2440609
3636826
9779707
8840199
5994660
1123855
6196245
947231
5505714
9953680
690813
9762069
1652851
1708219
9175640
4238160
6542349
9822502
5398325
4145944
2691552
6297532
37645
1491402
4698602
1802981
4848020
1518960
350936
7532005
6397631
8426656
4021340
7704825
5815056
3464687
4499841
8742873
2446957
3857721
9166554
6114666
7210436
5913565
7954316
1078733
8703199
3065292
4416859
460752
9434043
3602710
8463258
2191361
2292251
8323690
877129
7040741
6450027
6015617
2985980
9852137
8460217
356135
6074695
1574450
36403
4648883
2520887
5040608
4809844
2214145
17658
7401677
3484618
6030401
2929204
4665696
7143760
4373186
3884335
5331238
4511
6995647
3235496
6337123
7762444
5479492
8845638
6465793
2962542
6671153
6918666
682002
1738941
8123666
5349934
6996769
9679032
8276016
1474550
2903081
1567314
7604151
7542485
6270710
8921905
3603016
1542195
5998673
5959167
9674603
2512036
5722018
2916703
6786272
3270678
4846596
3918366
1620612
4516870
2374582
6416663
8736910
7138594
9888035
4739009
7925178
8771678
8545394
8342054
7756209
3222199
563416
3948890
3670811
7049374
1973446
4221973
5967011
749871
6963220
953173
3467347
2795346
8332745
2649222
717574
8236671
6534690
9828833
1526083
7311557
2685371
814421
4836533
8083286
4885601
5638770
5839080
3429974
658437
3697128
3898484
153773
2523973
1722576
29286
1678685
3667495
8547869
6117203
2356062
7480500
1227473
1723571
1780885
3827651
8547870
8869796
284763
4999018
1545826
2355978
955369
7924083
8040119
4392881
9012082
2468311
9368142
7104392
9551672
899930
5627104
6419691
2548439
6834338
8064753
1460963
5557788
8816636
876662
1781512
9522139
8367336
9718796
5403608
1805822
7882143
5583048
9847753
4854248
4413776
3270070
7140193
1775520
8326753
9438379
6554638
8698574
7859731
7643850
7943970
8609531
4475775
2045696
2172025
6906690
8076531
8214558
7824792
2972077
187889
4462860
5734724
1906892
1461071
8216937
2082407
1315721
9944085
1163922
3835645
4337187
5134913
1410169
7832429
6363454
1149889
8360514
4266468
4700164
4074638
5378919
3563368
1818950
2965347
8724692
1162182
4408487
2126339
5416700
4057040
3653470
8880278
2185512
5857592
6465240
756999
8506192
5532411
5110919
529355
1571886
1623838
2389768
8126253
3749953
7771337
4263094
4391895
7400742
1633781
6681619
2428023
3675774
2120005
3273942
9198002
1506528
2318352
5006058
4917525
1647391
5338453
5767494
2766105
5002865
6078086
9854922
3350673
9212927
6682255
2678474
5353034
3407446
4367201
4472898
1868433
9775582
3101464
7184110
6083957
5204905
2892425
7083377
8311587
9641947
1882712
5880937
2745274
750277
3931076
7508550
3561566
3850789
6462039
3420300
1580471
3186288
5307930
1329921
9019691
1713401
2614814
9862924
2790182
4387384
8321332
6689594
9420179
1925996
5154848
3397287
5511780
2449694
6992034
7977524
1249142
8396467
5197629
6261038
9654258
4841989
640298
1623217
7561655
7172237
4494626
1646095
4169650
668350
7149892
9681298
2042248
8995956
7857536
8862448
8376195
6958452
7605847
2136923
3480965
105188
2101277
4319723
4744927
7208785
7736631
7542940
1160907
8521395
871217
5763874
6175987
5191854
9833323
7286310
5113566
1559825
9670535
4591523
9527872
5756524
6008036
1016955
5717422
3071659
3485866
7955520
5767283
5265718
6566030
8486172
8226962
1194799
4381132
2894038
5971953
5503527
4706288
2491335
4718539
9442702
76357
4102084
2443536
1357489
9797458
8389343
1390821
1195200
6371265
7960382
4427480
1712796
6257162
7673517
5919331
2720186
8033552
9224260
436278
3061859
2796319
1647074
2386522
9116734
8283087
2572359
327208
2038329
3753568
428531
7637742
4461611
878849
9058264
1075265
7391394
5815906
9316862
1528126
5232817
4361556
4453688
9053912
2358564
606433
994017
8553636
7100482
1412576
7117412
1132776
402776
3799818
1210303
9973323
9800038
1139632
1585956
2786921
5390117
1575295
11989
7733555
7583747
1566468
4376998
3285948
6340454
8534014
8339554
6456846
8551766
6209030
6281732
8010147
8914769
5859744
4462908
841041
6192979
7563281
2190167
6187181
8418490
544053
2253209
4432944
7539548
2317481
3530534
2626744
4588623
2087977
7579647
7449897
9906142
1646018
9434779
6466104
8432308
3472022
6346429
4083039
1274456
3527719
7651553
392447
6680312
2398061
8201659
9782971
3848130
2726386
8938082
2363042
1874026
9274736
8869678
6063164
3307215
2188050
7419177
9007194
5100301
6489038
2813501
1191728
4523292
9794660
4130100
6739704
5915152
5311463
2986481
5358274
9635863
2078421
7024566
2479793
4089827
3225578
621277
3690122
5333069
8453809
5414943
9547384
4952832
4147334
2748751
1855914
4036090
374393
113714
9274234
4374492
8002066
3147397
1468596
1601134
1197477
7124647
4011292
7159579
3357195
3721670
8445911
2435696
529381
4807504
8231050
8940995
4671982
2477455
5910315
8294076
5128607
3547815
2901452
1369803
898020
5358092
9811511
9695042
8033400
1280657
3524644
3732181
4380133
4592589
8278897
4156737
3391019
5319505
3039005
5755730
2030484
232299
3618774
3201911
1420363
5682224
925108
5365998
7409809
8005102
2010862
6193077
8433538
7224659
9583780
9697407
5316933
7770220
3876696
1137287
7106170
280735
27015
2816864
9942349
1700242
8748732
7609479
7603362
7538435
1251673
1261143
661038
5635212
4827588
8593647
917647
1320853
4941562
3134454
8258655
5273125
3714051
7183663
7250345
7147340
8137063
996728
4533307
8677290
1823710
2964142
7686963
2356711
5301867
3055326
127575
1657887
9959411
7997674
3548879
570657
6192474
3931046
9112451
696664
1952021
2199281
1145078
8639861
7668191
2202402
1635821
3340691
8933896
4960785
6426849
732324
9672560
7990385
7993614
9274309
9492423
9668042
9982965
5602571
5119173
6269132
8016668
4599853
7439984
6771767
5811520
2282332
6920678
7023153
5815442
7504160
9556084
134902
3507277
3342718
169938
2839812
9087918
2268721
9589178
4304841
4586549
9489801
4193541
5634134
3464234
1114102
7673748
5512025
5027472
6334859
2773891
6765059
852344
4859451
5551141
5074896
1201696
745307
1166773
3264206
2726682
6634609
2156129
4662080
77668
3645562
7935161
3832172
6222792
9588613
6497200
2997074
9432147
9492644
199590
4443839
6138540
8323192
3082769
1401219
431023
6776402
773053
8015464
3962840
4499156
9468299
6326224
1205834
8871611
8420846
7901260
653147
3901769
1845736
3457881
8074174
6689214
5509691
4916657
573273
9520305
6549169
5169807
3397645
8002178
2381129
2296895
1108015
5771604
1146312
7705029
3093107
3067685
2982521
7073240
1166074
4941025
8318927
5744050
3612214
5219100
8194196
4663244
4072633
8562113
5267829
9851536
2843508
4239976
3858746
8137858
7554055
6756764
4579373
4945906
7381360
9340943
8552121
3736265
9201917
7482294
297727
2310553
9965498
5515014
5250080
3692831
3642007
5807262
3214391
9363357
1331981
4951762
8072884
4007435
1958374
3102614
4032837
8913039
479938
9590513
1974003
2674792
9427843
6501048
7971225
1022656
7021344
5242545
645099
6310077
6896920
9662070
6064854
9112788
6851675
6178920
2578156
2814982
7612518
1245811
7377356
1319154
233823
8927435
9407809
3612614
9184936
3161674
9868208
7031659
5062686
638003
6929841
3222528
6501445
2093255
8627059
9476998
9894981
1744430
2445614
4253853
7085213
9892536
8042520
9367158
3305040
453383
3749430
2792623
1300361
5243858
651441
8166859
4826330
4224740
8369899
5017987
3760585
6129583
3707483
5581199
1459707
5500385
7175192
8747287
885392
5001327
3559553
1225171
5372897
1184651
8120763
1703840
9510329
8098110
2689438
9215317
9461540
11151
1315355
5527659
7340724
4244958
9788857
3375779
7078493
8549461
5238422
6071124
2122874
7747422
680213
7254567
8565087
7832462
6409463
5821631
6510030
1688615
5518231
1732015
7180993
2902119
6570008
4526242
2059312
373564
9907840
5024529
6927486
5257579
3233125
5393008
1510532
5793154
5476122
9268200
3706548
151371
7782110
3476644
3929164
1212563
9020132
500266
8988839
5240726
913602
9725951
6182490
5008109
1155025
7749857
3287553
6357119
199076
5849234
9831982
2955315
3365173
4836429
4078432
8508024
239242
3569987
3269008
9322123
2536739
4026641
758806
8693080
8464779
715361
3046243
8088589
7556741
9642928
9944666
687695
3107470
2237642
5826264
9108282
2313933
8702665
4944546
8200474
8507869
8268775
6850945
3207383
3172726
4112234
5165366
7077996
6810395
5138534
8564143
2746247
424605
6377509
5592762
4053333
7892945
1131123
8463833
4877939
7359550
6427769
4599695
5092185
1265533
5056756
9914902
7813947
8201332
2436987
4965500
5942891
8621091
189109
9034458
6058664
6504711
1296990
3344368
3736692
3676042
6711792
3101442
249453
1148548
2380991
634810
5167311
8549938
7380466
5272562
85809
4725110
1553099
9112824
1488211
1073551
1198934
9968871
6458461
8795063
1022954
4961998
2879216
1633811
8642226
2838822
6649222
5584087
3347172
6865023
6859722
1582775
7632792
1241534
9784261
2297610
3812680
7791694
7305604
3801269
4204127
4794061
8511183
6644275
1350390
975811
329452
1430737
2941542
709755
1106381
9640293
80465
1469477
8356939
9125395
2766443
3694205
7486441
7605588
1381659
2832041
9457497
1041640
7712785
3134507
4119323
1089070
406658
4845970
7437283
3883518
1253606
7547431
763535
2335140
1777109
9036155
9389203
385048
4113658
1730933
3536796
9912771
4113947
4634319
2060498
6949843
7799559
8649763
3484495
896059
6594212
8597095
8913274
2083123
356027
6000255
6582420
330325
4519591
9441982
3922566
5899222
8236430
6305341
9972466
2540399
8352777
818865
9330030
8054944
9686366
9502432
5937597
4328754
2815198
9066228
623328
8515076
6213328
5065184
281503
7083890
698944
553720
4842660
2031144
4084316
6374602
6392913
5425298
177540
2210387
9634683
5258999
3356123
4659590
9197614
1628099
1706891
820993
3543374
3152736
4512824
5370026
7149703
6417099
4287863
9041689
9211716
5388417
160482
7235111
6309202
1138049
1079393
7505214
8296942
4266941
7444105
651780
3069174
2600459
4673514
3187040
3705024
7188940
7208263
5523685
523346
4994827
6750757
5536903
533581
894332
9073191
4451598
1035280
8990381
9413956
7617117
6338080
2327315
7673101
1165603
7463479
3881595
4809513
5805453
7175070
1069344
3149671
8094656
3308973
4264202
1239500
995347
1797502
528582
9008780
7993616
5924140
2814289
5956415
8287542
3383799
4826998
8457118
2536749
3532840
4120467
4948835
6473895
9460715
3446983
7843894
4816720
7822517
8573985
9396900
929629
8269107
6393951
1769455
1431592
1109174
749739
6437292
6701768
3082309
8374691
225715
1418937
7093724
7519533
4960511
8510729
2701314
8789131
7655232
5757627
4276218
4832517
278889
3269062
8341967
994634
7702951
1136412
9028152
9273646
2211583
1037065
4913983
7359286
4898071
1853428
2275828
2422848
9863525
7912244
363795
7568052
5644232
5442018
5243717
9904556
7847960
911514
1421163
8386867
8361951
7008764
7976281
4005780
9144106
3410683
996154
9386688
2850757
6911829
2148957
642942
6333333
7518696
2179048
1683117
8897174
583853
8719922
4499060
9932013
2447434
1842770
5494027
3738347
5800897
5946390
237242
8313295
2930992
5288981
1501278
626713
1884323
7583661
6962151
7067421
5825379
9305141
7599450
852032
3924763
4350263
9481981
5024969
9215625
1818982
4851722
827783
6967069
6734394
1027963
8527715
922675
4839751
3939664
2751013
3528151
9967243
1861780
5502937
508305
8441820
2589964
9385036
2667624
6471866
1187984
66820
2572933
737861
6501281
4853161
6036418
6408862
7685591
2523361
1532717
6049313
2309416
818266
2616228
1761468
8803414
5356173
3165033
2688336
3737489
1632224
1872856
6230607
5405496
4884989
236205
7241431
4258885
8526842
9215687
4697441
5804573
2112391
3756197
36012
8283121
2266327
5786823
2527466
682377
122000
3636415
8716675
7402328
5671633
9141066
5826767
9293576
5933260
5271533
7335723
727789
1448511
7446008
6025701
7020036
5101546
4764560
5057498
3502005
8011703
6316829
5288575
345109
5131397
6704573
2419624
2829603
9945701
2650553
8683242
3136686
2476731
7447950
4293488
3828682
2427858
6354594
2995574
5646183
8296967
2565808
2942629
1432445
646784
2128377
130565
9482545
5987427
5707229
7682368
3904462
3024694
5321390
2520291
7263113
9014179
2947812
3482444
656378
5303740
6447003
782425
7924089
8556828
3891836
2028839
565751
597413
1648398
3139435
7077968
2604636
7866214
2642884
692433
2057525
7507056
7734627
1205096
1051489
3252031
819522
2056241
5170143
6889122
7968156
3437325
7742861
8646528
8167514
9969971
5408406
7536792
3609600
1660453
7782165
638153
6136029
2350248
6226806
3888020
43194
3524409
1674301
3547699
2587332
7243648
4633793
1067604
8538523
8065018
1872306
3805215
9677537
3359174
6458286
7402789
5936932
663917
3221179
8583012
9201324
5626669
5768566
1394058
8963680
755368
6328094
9144964
112609
4958807
4833828
6079157
3630549
3687663
991034
2657864
1731142
1890021
5315623
7325545
4331878
3056907
8475941
7338138
6939254
4882491
3353020
6679057
611137
1160006
249373
2582965
1233023
3487784
1415081
1317141
2272129
1190767
4105015
2706210
2202534
8865653
1616649
3225213
7023525
3331726
4449093
5805572
458297
8909634
3122822
6075023
1456535
447454
7837666
1497630
4852852
7581320
9615791
6203406
1072983
334800
2545009
4793091
1158977
5174315
6548759
4821680
8802279
6321896
6191265
157192
646004
9542447
693188
9226553
8883303
160292
8436647
3884036
8426452
9834511
6396864
6612018
3946321
5217047
4291770
7973852
6744087
3553719
9913441
5552184
1390538
1747132
3569805
674937
6591715
4840830
5087693
6908546
2531852
2029714
7214289
2624248
7174594
6409303
3983049
2657348
8683151
7555858
5138334
4101232
3791043
7791503
1123847
2907931
5663537
287852
1386789
7741578
9777885
8892737
8720522
8787106
915005
2862800
4280184
6796700
6742264
9812709
7357670
8622981
1793872
4535959
2353911
158143
772152
6209322
3504311
1482090
6677051
7245382
1584920
9277878
6621993
3831847
3602639
3182110
741977
621012
9332348
2203592
2510571
7129946
7217173
9638590
6506268
954887
6886754
7654803
9973552
4469172
7298897
6250380
4471904
7208205
1440376
8625259
3999723
2686582
2388210
2411414
6717151
2544433
2866702
6588494
8678618
8273138
1794720
2869213
266176
1043647
5450362
514810
3424207
8705451
1318683
7473351
9495502
5025598
2392322
7777194
5460953
2070427
485198
6667291
9852660
9126967
6295989
1703666
8460856
2373100
7067998
7982176
9143413
7986748
3738225
5564498
1246482
352938
6430118
1763456
7075872
2301321
2121494
3135891
2833274
4002923
3605076
2209452
6294205
9408364
4821190
6206811
3808620
1674835
5223530
6634630
8694976
2187360
5617922
1279066
8427255
9296322
6432765
8042006
3392692
5964878
4153588
4639299
6914101
2399654
1911679
9853555
7058774
1960523
6337009
5181198
1229606
9039393
9623930
7401794
5473026
8696746
4972633
3771710
1514341
3630149
6979822
6285634
7321712
2888461
6903782
4879558
2434673
9505240
7994671
1128631
6350868
9574633
818994
2226690
3463688
7664395
7927109
735270
9343191
1630215
6509393
2981253
3934335
5940902
7317367
7825683
1483431
1948365
642968
5378230
9303496
9383612
2914209
4436031
7335231
4095962
1760627
4731092
2933718
5012233
7769054
6847510
7699767
301915
2051779
8368924
2845705
3903348
2460304
5567422
7510572
371075
1662010
15269
1946502
5459311
8150498
1876713
3372260
5198793
7460437
9810463
4138602
143643
8752819
7857750
4628495
5633821
8649499
9327377
7051143
6834213
1165136
3340290
7756689
6880921
4139051
4043405
4328912
294541
6987795
2236794
7000743
5324588
4908919
684070
2161967
495077
5263228
6535391
2304659
2385962
7547552
3464885
5707610
2651229
23566
8343800
9484025
324851
2029494
772068
4009763
865335
6582600
683378
3823251
6758879
1817684
9073186
5891605
1582037
7280136
1324739
1731550
3027785
9555077
8540586
6768684
1014249
8994879
5355109
6631232
4532888
3795288
9125559
6140083
5905154
5403766
8591278
6111782
3462929
2011003
8623506
2751017
4685856
4834970
8101266
3593234
9381765
2001249
6899834
4807109
6062052
9455450
3482926
8760929
858848
630661
1203934
3374716
6506825
5530599
6497829
5293008
5535160
6449414
5390186
117083
7093887
9920461
9728023
5281923
6891443
7489656
7831650
3769547
5851394
3852537
2420894
373906
9762024
1294938
10323
3952434
7214247
7629476
1145737
5460672
1140146
8743258
855862
4353005
6534451
3552555
678637
3094020
4135524
9815086
8045524
55129
1065811
4387617
1485016
7694515
1566741
9712632
4555486
7630617
5413445
8148007
4134307
5397053
307962
5612999
7629404
4514998
5204217
6372145
3864309
9151655
6266719
5381107
2545337
7667566
7542959
6873712
2781802
8318061
2504438
1111358
2660158
3652354
2639829
9670922
7106842
3735929
7261050
1868706
7664154
62901
9115045
7434635
9510112
486041
7023320
4667639
5904028
4061007
99541
2125198
6381632
263516
7599390
645830
5150013
6780336
1419603
7801737
328131
3265927
7869442
8720719
2688465
4522616
1981954
9746663
90834
5383598
1619286
5463915
5441401
3668468
8066286
3172143
2574196
7690995
4222327
5119373
5338946
6960302
2068877
7414425
2654655
370096
1739686
7049066
6585636
8905934
9175409
5470028
4124714
8408625
9522852
1828715
9225208
2901229
2162175
3748613
1139012
1397465
9738360
5958173
9590729
6586294
4959508
3728935
918961
1573504
7282644
4441454
2787673
4702965
6716372
8273304
8105600
485963
2806433
6781902
6500628
3700576
1727416
9572955
4962550
4120843
6569677
3913475
4066876
3202190
855712
3722528
5031480
2638746
6536091
8802283
780879
9421875
736286
192914
8442197
649888
3484836
1493967
2211264
2417823
7947513
4325556
9965454
1129684
148969
5875646
4408725
7514752
2269109
9321571
1903461
1639160
2443674
5852092
7858910
7127509
2835751
8819793
3504311
3361941
17328
2906021
3077539
4577206
9552975
554387
2606612
3167580
9748661
6175830
4825451
9248582
7992194
6718465
2450520
5937232
4299128
3883949
8382699
2101374
1297212
9357586
9951321
2908346
2260673
9342967
6249951
2647340
8750475
769842
4077713
1173468
4621349
7003733
7016480
4433924
1278918
4847174
7577191
9025100
4029158
4937079
7662491
7215572
9127046
4078438
4512257
3682653
9426213
9369968
7518488
3600119
6214673
7662360
4298494
7158782
5416182
576644
1625619
4686377
7399366
724251
1129814
8364444
4145580
1930993
5377978
4229940
471962
8815613
7505100
6470958
7811360
3645568
328655
1674683
4690630
6078420
6153684
9660475
9614308
8684392
9072346
3748655
8574707
6975516
5041582
547792
2382082
6656260
8517178
7781285
6935145
68443
805587
4006003
7550927
4399004
8894750
5635715
117053
6413774
792596
2850130
3935313
8025593
9407276
2377252
2850718
6842056
1380126
2947737
711231
6696359
3352068
8079745
4250736
2538422
6354108
487694
9068813
5284165
968923
3460915
5487514
7251463
5397753
1699040
3485408
7797262
338583
8564178
3470057
5069120
6636434
4974198
3337383
8285609
1645628
3373659
7910017
3932447
1867702
7991655
3689781
5090396
404639
1863233
5067965
2990005
5679268
4844306
8118393
283785
1413038
1863462
4665627
1699327
6671133
1386879
2301256
73118
8623505
4379902
507135
4979687
3211508
9384914
8009437
5176057
3677650
810039
4017199
1828340
8738549
7982140
8202147
1158447
3900929
7302548
5802232
5545423
7447219
4689393
6725755
7415995
76715
1027728
8126571
8123225
8067229
7591175
2969543
2828855
5842303
7638347
3813402
5415218
6264188
70029
4511775
3945502
9502293
9379270
1616594
9647884
8127249
3789641
2454517
2025961
3499928
9185945
6794659
6236361
3346903
8890824
3561449
5131748
2857838
7828683
7514116
2194564
4717878
6622799
5184592
3267710
6151473
9565801
6291889
2250921
7408654
3975117
7810573
8277793
1002099
7938126
6949370
9915138
2697052
734566
8417556
5724703
311777
737609
7824860
9468080
2944879
190460
4486953
4074901
3825874
43421
4426176
9453489
3968500
1149390
8894269
3477962
1922438
3248269
4763399
542167
8900189
3887203
6211653
723846
2033200
4559417
178724
7022171
2374666
1239772
4680797
9845859
8705157
5638241
8892013
2897070
4286311
298107
259409
1151585
3942813
711043
1652964
9838639
5580941
4363020
5019314
9082238
2696003
2354618
9121829
8270872
3327416
3207920
6155047
6261886
7260618
2256619
1578870
5690101
7277987
3945100
2461407
1959621
1242660
9789969
2288708
2314974
1188942
6581452
1951295
8201908
6407818
9299262
2910690
842522
432775
3683202
4239774
5877992
2309058
555159
7670602
7923269
8169349
9249392
8631091
1991799
8987803
4913214
1931762
5691530
8251580
7304682
6754929
462715
4321332
9419090
146933
24297
539602
7930971
1527629
6227974
5773016
4554778
2962315
4704602
8242864
6037707
653248
5752822
1423962
905985
6856423
4131588
3289110
8080259
7223774
9657646
5246936
3635671
4195255
3266787
2270052
4822273
6261213
3031300
1631020
9125118
4663529
4808186
5928721
9310285
5250418
725729
9682646
3509506
1714731
6643203
1183198
1207265
5097574
7798384
3037454
7164459
1877072
3474147
2675354
6607975
8042314
1651002
2687406
9815095
8081208
3857801
8552226
9108271
7978490
1814558
4676812
6306698
2932415
2677515
4307334
9993001
145352
2364279
4431405
4539253
8095484
7961489
83220
9494918
835971
5808759
8446319
6516604
1633782
6957954
585663
6457631
2532498
9461306
7039444
635040
3853696
2060685
6313543
9364286
6828979
5287078
8764893
5185208
8944972
4661969
2688971
4003086
2598425
7565576
7677162
8677320
75222
8444751
3961771
7206466
2242680
2945040
5912581
6545473
623158
7747801
7930697
5082739
5639257
7066111
7157399
3298458
223886
9522729
9777554
2882841
8493542
5608352
7926116
9765133
7699999
768441
4261315
9430689
3533694
4107860
6892140
5409231
686497
3673046
5901924
3866952
1825905
4072204
5710557
2867837
1375202
6655814
8848097
8998143
35006
5100498
5380809
8974900
8310084
1470100
5613916
7461107
9519347
339871
1113947
8015935
8166896
7436584
2213692
4993091
5457876
3509851
2988374
3384619
4061582
565577
7039505
6740252
6400790
530584
4147265
2304523
2705547
9679996
6565049
1954891
3426796
2542368
1157123
4222428
3432009
1983536
6027123
6822743
3362313
3661983
4752333
914986
3313220
4085380
9590170
3542722
4059282
8071830
2313199
7669725
5388038
8240184
7217685
4534995
8126574
322500
4514991
6024661
1139959
462434
6774565
9242446
9401569
3195361
9117573
6628172
4682449
4534389
5355640
4901307
2212621
4311275
3366593
7856319
2783213
6485237
3007309
9566524
5941235
6503647
9995571
9526458
5390841
5038867
3503048
4110527
6940876
4156351
8535981
2244052
2973932
787194
1769580
9781211
6271103
2366005
1881145
5721861
8754785
5014334
9978609
5961739
9285835
3751302
3605371
7267899
5287150
1223433
4471117
3682178
5440120
943336
8099887
9268330
6274174
8725783
305449
2032266
3871307
5402910
5674799
8616768
4073454
1781319
1037920
2428843
3966446
6589435
5307193
862384
2156055
4611611
9222244
4262872
5156253
6144761
8888246
4708908
429337
5584850
6979802
4724901
2324884
1518544
541868
1212326
1366114
8427398
2285322
7347979
4212697
7726716
8751622
3860411
6282941
4395358
3129618
2654033
3717441
2800929
6205237
7532879
7616810
920078
2552058
1383209
3025279
2701801
8778586
3682552
2202689
3288623
7737559
9823815
5275157
7651646
4123661
280105
3795947
9700996
4457833
2377285
5119772
4249274
1602587
9534050
6283308
5604237
1922720
1869636
8641574
7639908
2467975
7162137
9904311
6582844
6022440
9139175
4105840
9930279
5943072
8175060
4320995
9266199
2890781
2295600
8200776
1190509
9510892
3231046
6744590
5683884
6392602
3276263
6320964
7079761
932440
1289973
9498908
7385031
7640557
271746
8967833
1541141
2737148
2379506
8270078
5643129
6310522
9002480
7069630
6392810
8264027
6235081
672229
6727536
8801887
5473334
7193214
5390509
6524622
2454845
7326166
9914659
8425463
7159730
7292679
524905
1583654
1595871
2436490
3511509
8049540
1959942
6325797
8438787
553580
550086
8757177
990147
7639084
1899337
9357812
6941273
5343349
2183
8444928
9942581
1893820
9769724
8007419
1081988
4347775
4570959
1856986
8829555
5000064
5748692
5462985
4729957
1015879
2768824
8316555
4195474
3474643
4288279
5655948
3704133
8464295
9638473
8963154
309264
3316587
9974005
4785911
5353890
1136257
8214735
8424123
1140809
3662876
2780743
4125512
889717
6193390
4329775
5578348
8553025
7781506
7036329
9013663
8644373
6175639
6432601
3091387
797964
6605417
1427323
4173961
812373
8911439
6224442
3002331
7336953
4228280
9633756
5963238
9297122
264660
5260188
1569926
3141617
5713416
1385948
8999005
707132
8820209
8716641
4551337
435044
6373470
4587352
9348851
8695237
305338
631631
6595010
9120207
3395397
5776016
3956989
3968302
5060847
8016430
4799051
2874863
1586220
5660974
2334895
7456615
2072117
9569886
6200675
9085944
1333003
4345328
8789169
4272113
6365327
8931837
4252268
4290589
6641967
4995552
2235211
9849465
5202296
1125649
6102043
2404798
8424611
5736451
2701937
6636851
2010792
7319838
1034238
7737145
9242039
2413083
2826998
2415299
9706712
2203105
1700849
556377
5124192
8868880
2989432
2068889
6712244
1671082
5442918
6027255
3412551
7854491
7315897
1611958
9702211
7000688
7087993
4428442
9147513
2884885
2396405
1963077
4298030
9280684
7997073
6318191
3227901
7550972
4002805
4232559
8130808
2768195
8303351
7425045
2994967
1049049
26473
9360812
4557635
7364486
1086263
8653766
2375636
8316250
8927475
7476314
3171266
2036589
8632967
9214022
7519029
6484401
3507034
3388455
986109
5461802
3428560
71128
3082982
7633255
5860587
2038011
5566501
3511212
6666608
5036961
357909
9565111
8943900
4436151
404341
9808937
1187327
1634350
7680030
7891240
2928708
4075614
6570916
5031543
8811421
964255
8364757
6363404
2269046
6392180
2700718
3014291
7327511
2268969
5754994
7936328
1197414
7957618
3507723
5934184
8414521
3328383
396326
5935892
2813135
4954562
7889057
5805441
9827522
9964752
2150623
8929872
9684446
6256719
1198961
3026732
6872364
4925669
2248381
5745648
1409701
833502
9260587
9340018
8849282
2347558
2144021
679647
1784044
3378436
150300
9948106
2162222
2160578
5677024
5774385
8472943
5867053
6348388
9231316
9588107
1019842
2666189
1914785
8148736
7356281
6318942
787556
5212056
6505989
8892587
6698548
9221159
5738485
4562863
6272391
7297323
3468846
5416620
899517
3019585
1397638
7525522
451283
9800227
5576125
7513717
3820795
8066485
4408162
1716567
2784316
5326845
3849629
7661994
5779110
7952253
4972281
8242202
545799
3376182
5733977
4255744
6378573
3496712
8433128
9740955
5572282
4884365
2730199
1896533
3625059
2955099
2379875
1555805
2776876
6487006
7985278
3670791
2033291
4003268
6958482
5502640
5324893
576409
3177937
1517956
617397
8538584
2418278
9520825
1076319
9174855
8238628
7850489
2550029
8338080
6885472
3261427
832330
9070899
6256868
3016463
4489327
5469074
7489500
8145404
9620016
3035512
7846888
822877
6661898
6286195
4456874
7844440
2188579
7533028
3441022
9077634
6204521
5561485
9626075
7310445
4481544
6964648
777991
6198420
1181207
3987153
5939455
8851399
2549526
4616008
4832403
7601325
8260730
8742796
2647939
4487692
849796
7322570
4391167
4222158
3846349
6528143
8499389
2338363
9754408
9355679
1173721
8864377
2300643
366514
1378324
6538121
2443918
2567621
7223641
6583444
9790612
6778778
379513
8127119
3880856
5762285
8051048
5008493
5627576
1431064
8355098
9398268
3518449
3774634
8199101
8063471
6732439
1640789
4628426
6874785
2639433
8613046
9774379
4918211
3173321
1328612
5054770
6623003
2031217
4714533
5289956
9171313
4075632
6259871
1555107
4824757
7388824
6269954
9840900
6824398
6948896
6265884
364519
5260640
5585326
441348
5106246
790891
5280056
1772945
6633297
7638707
2733253
4714360
9457873
6612524
5904268
5425969
2566858
6715973
4368515
9231978
664776
2735250
6360844
2568516
6639638
3189566
5301626
6037835
7109720
5346215
914471
7999931
2320005
732797
7874098
773414
853206
8625733
8733404
358971
6783367
7546554
1709382
1715928
6154160
6842384
8200538
6613088
6421136
7954509
8602444
7481062
5375289
2156940
6005120
4417229
6347616
6807630
5411413
2076035
5643408
7190151
1384459
8416648
4462560
128704
3895422
1732127
2155692
6797345
9754913
1402980
5495606
3138816
4978869
2245547
9033906
4527139
4102026
5463563
3558225
3739429
2804867
8189442
8093080
5018909
673896
8540472
2768342
3668972
3128687
3960985
8997683
4599518
2901360
9945861
3894595
4605226
89356
6107153
7259984
5604013
2445043
1510937
5549784
3928045
4305785
8009331
1527240
9625362
6400548
6173696
9334549
3384260
5706982
639916
4862742
8916894
6630785
8254693
8521699
6167356
7088175
4244752
1691262
3011636
8499802
3476868
7030748
3321427
6800058
5218016
8038432
5887299
1602489
4761770
823541
8271204
405485
552725
8509974
5781001
4361307
2066379
2049247
5342260
6291094
4206596
6048883
7458297
8754273
1382253
5888244
9750758
287801
2014604
6291951
7740058
6945300
6433200
2167092
2912334
5885355
9027358
5724553
1790124
3380450
5018598
3216097
5208199
4075248
9580886
8280516
4390980
712910
2422222
8446544
6602586
659398
5921471
1047822
4580565
7555883
9701847
4930977
4709032
3182231
8140455
1793492
3515077
8949399
9294844
4155021
606151
4498989
1726038
9450989
1084595
4357045
108229
7209703
7009410
1610154
8462958
5318145
5957754
2336122
8522387
6607616
1823961
9896884
5162480
513305
5012694
8626301
6082289
3336906
9429874
4368596
3589291
9306597
5385943
9507246
7955733
5483357
3716282
9685499
7395345
8144481
2387345
1808035
4586662
7559291
9868662
2666657
2844586
4123733
6008500
3640996
4348338
3150343
2148153
5695022
2087384
290801
3640325
7249041
4811905
9755476
8787199
3212875
4719482
4777124
1222721
6346202
2820378
1245172
705239
8488475
9815577
2408275
3264272
5812547
7556303
145649
1404948
7177182
5900930
4401703
2610679
8506491
4948577
2477282
8633860
9100281
1737568
530717
3878420
2662725
9311987
4395986
5992356
1882746
5293299
1716236
3480771
4890863
313811
1701567
7614538
6282012
9589481
6637109
5977176
1587140
6505520
266474
8472931
6894515
5505933
9800345
2557701
792455
9285325
9121499
6200459
4507412
4500851
1877127
7275232
6708407
7855410
8055409
6358043
8141001
2486211
7295964
75436
6404740
274315
3600775
5493845
545886
4561737
5427774
4451799
277649
2140831
184168
8450219
9658642
8557672
8774440
4570577
1301635
4153385
7270087
9755936
5918469
5407361
4114811
9603125
7964503
6317174
852413
7831395
4422150
978919
5975581
1211467
2693565
551246
7128340
9658789
3631891
7577520
917626
4544744
8156613
4261076
2798135
887680
7246111
9832276
6901530
4854696
1096770
2748688
3772278
3613255
1242962
169493
8473535
3653388
6462579
1209560
1571996
5114484
106271
5444588
2044015
4286102
1185641
8868961
2083108
1936495
6080803
544117
2682193
4809296
7006047
4511700
896585
3374547
7989259
4845585
548392
4740428
4596415
8386832
6344395
5740561
6905954
7296233
7185087
2044964
2893808
3390607
2592492
1970991
1307862
5985938
9916855
9987528
2690519
6496151
3439214
4032729
4905424
566322
6294644
7378841
6128488
9277671
9537775
7779058
8646571
5930796
5082156
4889637
5486688
4081273
4676938
4418816
7599656
1125460
2923158
8927096
9833462
3406945
2354242
2578252
4191757
8990202
6681656
1850308
9854486
1212752
6642154
4954427
9521520
4333708
8055432
3996669
2599964
5362378
5097554
7010164
6425660
1366926
7442617
8657224
3834689
8554314
8015769
2433745
3866123
4943250
8085484
1515266
1507568
8800443
6853186
8013340
2315505
9501386
4394748
6496832
4716232
8045491
8195338
5800225
8658802
6062813
5866881
2923779
8412727
3930112
8135397
3406011
3504477
6512603
5688914
1558002
7636916
5409123
4269963
636530
5224629
8820417
2507490
1257357
2876368
3590309
1039743
6433830
1939988
2065870
8818678
2454004
9319221
8182072
2897518
6552623
226008
2985054
9867506
6361171
9019042
8883815
774472
5484804
222327
7338276
1226275
276479
641086
2168048
5409798
6705550
5954574
7222694
8346311
8130366
5616012
940687
9474976
6757958
915672
2490232
826188
8283218
8091022
4320922
7166329
9748130
926205
2306678
6538358
291929
1490710
3346548
895005
1674459
4931398
9841192
4757772
7890112
5247285
490007
1254051
7211009
2643313
2680857
3647387
4117788
5026598
6920088
9734241
5762665
5757256
3189079
844706
5331317
4633610
10609
368956
7961344
4525771
1080658
3127743
3938536
1503033
6149658
669679
1150937
9292492
6243903
303411
3120885
8722316
3850948
71139
3332458
7220742
8376412
8015151
5718653
8691212
9994751
9233173
1060890
976563
1503442
3783946
9210455
7530358
8634085
8624888
2225399
7144328
4378445
7856373
8395553
1501878
4212793
2961564
6555042
6228521
5289492
6039035
4484359
8513198
2141256
533492
1315654
4118548
8553362
3297993
3778151
7671896
1788568
1856185
6147511
5490539
903454
9806473
1053807
983170
4853083
6893550
9311723
8628709
9166715
3453629
114544
6951185
8631428
68225
1469603
5069031
1802951
3512386
2555709
8236645
4032575
8877130
8708565
9736690
6717587
9344901
7844487
6853685
7763683
5993888
4687307
7038655
3573161
4223436
8143314
8567775
5630692
4441451
384840
6750011
7543841
4304831
8957885
3006243
4544181
9985980
4765355
8193261
4394970
3782496
6899377
1653492
7275009
3751310
6366653
1377492
7038244
6636663
7376634
8167573
4069486
1362264
9820017
411590
3507209
3109371
8047632
8237843
3445401
2117064
5014953
3430059
6781423
6708075
2331921
4129661
2795499
8542958
3166807
8766442
8451110
4885011
2105628
8519061
430083
1066801
1121089
306187
2463111
6290690
895919
1662667
309260
9603421
6555525
7253212
5413955
5058820
7093525
3347489
2768668
2889257
7586686
8912631
9318532
82243
3755661
5702960
6137495
3302850
2632736
8371203
996835
6872679
2102892
6813504
7340994
5571606
499181
9614689
7579151
5807248
4495240
3749141
369703
2480374
2768947
2372230
7720455
4343408
9620442
4345516
6933860
7789134
1452950
3993952
59607
6798466
1595831
5563352
2925222
5687216
3990513
2827049
9396910
4159962
9528874
8927183
2163189
1818542
5465986
5654476
4365745
1859716
6020641
8509696
9900454
3206094
79851
1802820
6274440
4624230
4446285
7302784
8125405
9205383
4941203
4840081
5490680
2486992
8806582
9279393
6946823
8197919
2670316
4545666
8247783
1214959
425907
6654136
1773566
8935051
9478463
2032766
5813777
5473744
9445595
4346137
77177
1795506
8468173
8427132
886299
366178
3123461
7026791
8349169
1841189
4914640
4624098
6355926
8605326
6414803
1978029
4290381
4915944
2912153
2626775
7790601
4605857
6379276
5709691
5034187
2754845
2385853
9775295
3722744
5078058
2843682
6583343
5524923
462709
6537721
7133065
3517043
7412807
6976004
9179906
2086126
5265811
5604531
9497854
9356864
218319
4281836
4345825
3688089
8709912
3376548
3273996
6020133
4548199
9869490
3070950
3336308
2921182
2843741
1714850
4411421
62808
7884853
1097585
665379
4652189
1241684
7713416
7074514
3480415
7108109
3134469
4899867
7550660
7557099
8967628
4169362
4463191
9522004
5229955
2190773
2353108
2390302
3899261
4437231
5491116
5367559
1041378
7015908
2385225
2902820
4539653
2682149
7235272
3856690
1305612
3968341
2774301
9829703
952328
7136883
7846349
5120005
1625798
1137945
3802675
5630209
6346254
7330080
676108
326325
971048
6632358
5057669
9020330
9099147
220564
6249102
6074408
1034923
6469149
8084872
6095853
2057465
9416885
3800556
7288115
1951654
7455698
7240620
119998
3239331
714624
950542
8533966
5958048
4911069
8765281
8557717
2545066
9314862
2433609
9782741
5017868
6220591
2377680
2198767
6935541
6220954
7957664
7747086
5238454
2427770
9490048
3747319
6712528
7394201
529138
5446937
3939990
575118
1456240
7671132
3720576
307786
8806027
2248321
2374002
21616
4921096
3796647
2901506
3497925
8942001
8728847
6752922
1438953
9967539
4226623
7199377
4840047
7446906
3418372
313104
8487288
43392
997813
9114691
9085508
784979
7984700
1190386
3442985
1617127
2283571
4850371
4005156
4707765
9294287
2867098
4766379
3282246
5997222
4081914
1409360
7716356
1927391
893630
6361935
9878104
3274035
2747670
8211559
4521775
5907464
8105923
4102356
3669098
4405960
8683423
509001
1054738
7495793
5591949
5519742
3403919