2381
2673
3070
4221
7339
8838
11091
11362
11686
15389
15999
18524
18714
23084
37525
38499
39614
40884
52522
54800
55793
60076
61700
67540
69869
71842
72150
72390
77238
77408
79156
80105
83050
83088
85179
85372
86576
86624
86676
87035
91602
92747
95121
96768
97363
98141
104209
105090
107445
108261
109490
109639
112836
113896
119440
120805
124792
125156
128222
129427
132486
135796
137308
139322
142943
143245
146963
150267
152231
154610
160669
164031
164761
166902
167917
169229
170623
170784
172511
173697
178832
180432
183472
184195
185874
188197
190570
191077
191823
193250
194245
195220
195259
196923
207630
208668
209665
214581
216226
217482
217934
220827
223301
223685
226899
227955
235245
235774
236044
239776
241559
247201
249946
252580
259135
259285
266846
270413
273401
273587
274841
279307
279869
280236
281262
282056
282938
285571
295044
295570
300964
302416
305637
306011
309563
313236
314030
314902
315278
318009
319803
322462
331106
336316
336495
337713
338206
338447
342582
346711
347280
349472
350926
351527
362522
362892
363103
363677
364564
365114
365398
366816
367044
369594
370516
375829
381182
383117
386561
392661
393473
395454
400805
402707
402866
404380
405541
410287
410887
411577
415559
417346
425702
429553
431016
432161
435928
436521
437659
438115
438367
440575
442086
444061
444540
446340
446971
448306
451723
453005
454169
456882
457184
458093
460176
460657
461817
463903
466637
467117
467623
468344
470175
471477
473715
473916
476287
478173
481018
486588
493538
493708
494351
495413
495607
497078
502711
503328
505218
507791
512030
521616
522319
527195
529522
529583
534864
539184
540785
545682
554546
555331
557445
558671
570663
571203
574840
575122
581581
582390
590142
591039
597373
600277
601640
603082
603474
604333
609924
611117
620193
624001
629654
630642
633469
637214
638139
638261
641448
644577
644943
645206
645512
647267
647937
649536
653377
653848
659558
660753
661552
662331
663666
663961
664436
665187
665506
665850
666958
666995
667151
670394
673007
673899
675018
675636
675660
676220
676628
677067
681514
685867
689643
690503
691076
691895
696503
698675
701020
702742
703757
706954
707246
710206
710912
711846
713349
714876
716034
720328
720479
724972
725805
728095
728309
729550
729659
730656
731082
731210
732914
733171
733194
734735
735740
735926
737584
743082
743291
743461
743562
744144
744771
746881
752489
753947
754514
757782
761914
763773
765171
766195
766949
768302
768609
769677
771552
776943
780877
783925
786470
788544
789155
798471
798867
800354
801594
802277
805563
805587
806345
810311
810676
818035
821073
821175
822099
823017
825181
826025
831620
834768
835146
838615
845498
846034
849704
850269
851949
854608
854823
859339
862204
862221
863268
865692
868975
869212
869462
871830
875349
875780
877475
880616
880858
883372
883726
887778
888295
889361
890728
892929
899596
902647
903018
905760
906151
906997
907740
908782
908998
913558
913561
915348
917987
921680
921723
924030
925806
929226
930122
930518
930647
931696
940216
943414
946595
947415
948061
948072
949016
951268
959138
964403
966491
970965
971024
978985
981267
984454
989882
995270
1000867
1003586
1003619
1008228
1010542
1010725
1011041
1011675
1012714
1018385
1020472
1021890
1025409
1025757
1026875
1030309
1030600
1030948
1034950
1037823
1039941
1044757
1046246
1048602
1054463
1059425
1062756
1064152
1065410
1068687
1071070
1073438
1074849
1074979
1078847
1083932
1085313
1085867
1087208
1087466
1088918
1090017
1090582
1093244
1096256
1096804
1100958
1103000
1107265
1108825
1109505
1109542
1111418
1118665
1122290
1125747
1132169
1132812
1136480
1137814
1138761
1141835
1143443
1148120
1148168
1150410
1150955
1153254
1156296
1157262
1159191
1160714
1161030
1161391
1166286
1169808
1174306
1180582
1182077
1182897
1182916
1183876
1184205
1187331
1187531
1188893
1189703
1191676
1191776
1193696
1195461
1197134
1198182
1202023
1206038
1207235
1210292
1210715
1211695
1211989
1221295
1223640
1225425
1226727
1227729
1228110
1230203
1231853
1232168
1234095
1235698
1237583
1239065
1240679
1244267
1244665
1244751
1248369
1249050
1249198
1255575
1257264
1258149
1258339
1259222
1260048
1261550
1262065
1262976
1264733
1264864
1266114
1267855
1270158
1271897
1273578
1275262
1275808
1276362
1276494
1278304
1278513
1278524
1279347
1280118
1280947
1282208
1282886
1285670
1286573
1289020
1291015
1292738
1294946
1296399
1299301
1300038
1301045
1302009
1304212
1306594
1306600
1313293
1319242
1324097
1327362
1331981
1332979
1334112
1336465
1339606
1343287
1345965
1346385
1346437
1347399
1348593
1353091
1353497
1357214
1361066
1363651
1367018
1367437
1367805
1368353
1370345
1371233
1371328
1371564
1371678
1372782
1375828
1376102
1379279
1380064
1386280
1387289
1392150
1395110
1398019
1398854
1401918
1402867
1406093
1406323
1407962
1408308
1409043
1409852
1414775
1416217
1418035
1421399
1423173
1423448
1427893
1428995
1430357
1431171
1432084
1434631
1435729
1435891
1436108
1438651
1439696
1439859
1440069
1442465
1445057
1445749
1447297
1447855
1448684
1448779
1449454
1449747
1450233
1450533
1452381
1454919
1457242
1459854
1461202
1465885
1467212
1468237
1468285
1470649
1472160
1472804
1473383
1478002
1479682
1481324
1482499
1483016
1484970
1485207
1485998
1491371
1493249
1493507
1493878
1496218
1498392
1501744
1503239
1505578
1512235
1513994
1514050
1514805
1516864
1516998
1517315
1517403
1523586
1524058
1525220
1536053
1537160
1538319
1543460
1543497
1543642
1544074
1544364
1545410
1548681
1549592
1551294
1552984
1562466
1563180
1563533
1567749
1568735
1572039
1572509
1573848
1574249
1576323
1580138
1585436
1587115
1589589
1590882
1592582
1594602
1596093
1597688
1602939
1605187
1606924
1607200
1607593
1608330
1611769
1612277
1612742
1614317
1617527
1618754
1619643
1624114
1624812
1631182
1634006
1634102
1634444
1635020
1635578
1636201
1637018
1637494
1640306
1640959
1643503
1647440
1651222
1653790
1654344
1655273
1658049
1658992
1659043
1660088
1662177
1666872
1669150
1670846
1672754
1677496
1679104
1682938
1683270
1685238
1685696
1685942
1686732
1688012
1691378
1693707
1694134
1697136
1697714
1698513
1700067
1700387
1700882
1701469
1702243
1703934
1705238
1707769
1708867
1712310
1712415
1713012
1715195
1716999
1719046
1725240
1730240
1731857
1733629
1734296
1735140
1739557
1740230
1741918
1744123
1744426
1748011
1753107
1758515
1762305
1766567
1770439
1772100
1777797
1782959
1784157
1784476
1787614
1790822
1790932
1791178
1796064
1796099
1796624
1798763
1798780
1801482
1801723
1807254
1810207
1810274
1811724
1812654
1819337
1823748
1824309
1824660
1825186
1827275
1828324
1828948
1829189
1831967
1832661
1832893
1832943
1833537
1835105
1846777
1849535
1851999
1852285
1855167
1855181
1855583
1859323
1862139
1867035
1872161
1875479
1875820
1877164
1878368
1878692
1878896
1879879
1880255
1883934
1885855
1886114
1888066
1892473
1893912
1900214
1900374
1900500
1900884
1901872
1902880
1903764
1904675
1905062
1906771
1910346
1911126
1911415
1911692
1913800
1915639
1918332
1922315
1927757
1927862
1927978
1931592
1931721
1932361
1933085
1933781
1934274
1939019
1939554
1943179
1944599
1945009
1949827
1950356
1951332
1951726
1953545
1955548
1958992
1960771
1965160
1968977
1973268
1977190
1979648
1980957
1985585
1992363
1992829
1993375
1993997
1994745
2002053
2002758
2006924
2007436
2009135
2010167
2011430
2017098
2019198
2019784
2023361
2023469
2024514
2024561
2026840
2034575
2037495
2038872
2041137
2043562
2043765
2050234
2050279
2050357
2052108
2059217
2059560
2059734
2065929
2066793
2067596
2071353
2072672
2074384
2075451
2077593
2078121
2079078
2079252
2081068
2082992
2086146
2087507
2099122
2111083
2112603
2116627
2117713
2118829
2119023
2120415
2121910
2121915
2123794
2123877
2127656
2130015
2134134
2135354
2136984
2137122
2137364
2138658
2138816
2139431
2144730
2145080
2147795
2154149
2154362
2156299
2158283
2158806
2160583
2163544
2164124
2167929
2169173
2169898
2173304
2174446
2175955
2180239
2183078
2184463
2188018
2188318
2188598
2189130
2190212
2190696
2194023
2196665
2198394
2201319
2203413
2204675
2205575
2208847
2209316
2210254
2212171
2212372
2215576
2216308
2217257
2217294
2217488
2217533
2220650
2221793
2222873
2223719
2228078
2229566
2231304
2231878
2232167
2234911
2234948
2235092
2240097
2241050
2241537
2243356
2244330
2244644
2250078
2251888
2252040
2252434
2253866
2255560
2256132
2259164
2259638
2260139
2260244
2261334
2264983
2266352
2268439
2277543
2279647
2280359
2283363
2284328
2286522
2289519
2291420
2294336
2297034
2298937
2303058
2303799
2304103
2304820
2305898
2306264
2306412
2306931
2308999
2310540
2312177
2312563
2316094
2316414
2318109
2318599
2322596
2322789
2324027
2324384
2324788
2325675
2330151
2332439
2332491
2335464
2335530
2335578
2335998
2336210
2339283
2339704
2344215
2352413
2353483
2354958
2360148
2362181
2364053
2364182
2368102
2368543
2371056
2374178
2374472
2379757
2382313
2382851
2386107
2392247
2393886
2401665
2403271
2403463
2404484
2405335
2406533
2409023
2410680
2414337
2414378
2415277
2418492
2419712
2420114
2425438
2427182
2428079
2430218
2438327
2442788
2443108
2443874
2451075
2452326
2452363
2457948
2459396
2459609
2462991
2463987
2467357
2470575
2473625
2476762
2477328
2477656
2479938
2480252
2480819
2482243
2482963
2485303
2489049
2494549
2498963
2500144
2502881
2503193
2510514
2510971
2514123
2518960
2519769
2522811
2523416
2528722
2530486
2530558
2533055
2533668
2533813
2535147
2539643
2541499
2541936
2542135
2542286
2549833
2556157
2559768
2560307
2562959
2563870
2564619
2566029
2567184
2568447
2568835
2569100
2572667
2574120
2576775
2576906
2577469
2579652
2580553
2581584
2582879
2584314
2586201
2587595
2588104
2589982
2592704
2594204
2597506
2599058
2603888
2607057
2610590
2610917
2612154
2612658
2618337
2618680
2618719
2619069
2619612
2620607
2624972
2628713
2630902
2631345
2636300
2640417
2645597
2648352
2648817
2648980
2649761
2650685
2650809
2653881
2656000
2658932
2665511
2667501
2671695
2674022
2675398
2675417
2677048
2679406
2680100
2683565
2683924
2685591
2687594
2688518
2690023
2694875
2698129
2698540
2698588
2702800
2707181
2709419
2710026
2710243
2712505
2712954
2716644
2718874
2720604
2720830
2722415
2725293
2728241
2728525
2729448
2730034
2730210
2734187
2740440
2742408
2743121
2743275
2746163
2747619
2749911
2751475
2752029
2754691
2755434
2763127
2767419
2768845
2771618
2774140
2781746
2783930
2785562
2787867
2788815
2790923
2792079
2792235
2793647
2795892
2795926
2796797
2803763
2804534
2806924
2806942
2807393
2809866
2813150
2815783
2815839
2816658
2818441
2819702
2820495
2822020
2823363
2824184
2826127
2831807
2832207
2837878
2841414
2841923
2842781
2845689
2847379
2850242
2850677
2851734
2852572
2852847
2852971
2854115
2857592
2862371
2862849
2863773
2866299
2869135
2869317
2875614
2876216
2876671
2878954
2878991
2883712
2886519
2891959
2893783
2893896
2899261
2900193
2903873
2907303
2908706
2908898
2909817
2913323
2916186
2917684
2918125
2920954
2925516
2925803
2926484
2927585
2931584
2933458
2935305
2935469
2937742
2938249
2939530
2943878
2949384
2950238
2951693
2954034
2955918
2957025
2958007
2961390
2962436
2962927
2963859
2966331
2969820
2970286
2970982
2972074
2972713
2972962
2973441
2974588
2975107
2975236
2975493
2976250
2981841
2983156
2984059
2987214
2990146
2992007
2992461
2992933
2993225
2994193
2994927
3006933
3007945
3009554
3010701
3011234
3012029
3012270
3016001
3016139
3016359
3020379
3020681
3022001
3022483
3025625
3030793
3031408
3032461
3032785
3033540
3036166
3037643
3039146
3039474
3040717
3040989
3042467
3045634
3047875
3049514
3050007
3056120
3059491
3060720
3063030
3064783
3067156
3069768
3070964
3073492
3075500
3075857
3081026
3082360
3087999
3088336
3088448
3091316
3092506
3094575
3100541
3100727
3101239
3112604
3117479
3123719
3126509
3127291
3128789
3137703
3138300
3140500
3141041
3144408
3146651
3149110
3150179
3153444
3154068
3154262
3154916
3155385
3155715
3155815
3156744
3157214
3158013
3158170
3160140
3161759
3161930
3164175
3164207
3164983
3167885
3169263
3169946
3170601
3170677
3171209
3171794
3172113
3174577
3177036
3181608
3183681
3184400
3184564
3187409
3188753
3189412
3190402
3195691
3196508
3196947
3199819
3204000
3204047
3209111
3210230
3212707
3218232
3224941
3228378
3230716
3230767
3237563
3239704
3241019
3245602
3245795
3246958
3247385
3247531
3248136
3249845
3254331
3256313
3264062
3264065
3266927
3270232
3271905
3273720
3279878
3280924
3282677
3282980
3287070
3287147
3287955
3289766
3290397
3291238
3293463
3294732
3295649
3297915
3300501
3300724
3302825
3307625
3310477
3311822
3313210
3313604
3325082
3326049
3331161
3331768
3332210
3332377
3335924
3336767
3340087
3340629
3344419
3348301
3349540
3357655
3357922
3358860
3362537
3366142
3367111
3368266
3369860
3371256
3374686
3376542
3377757
3378227
3379400
3382176
3383399
3384668
3385012
3385741
3385913
3388180
3391677
3394582
3395433
3397244
3400749
3403261
3403416
3403805
3404200
3405032
3405561
3406219
3406907
3413941
3416166
3421839
3421981
3423512
3425187
3426135
3427794
3428874
3430574
3430944
3437811
3439191
3442081
3443625
3444656
3448543
3450523
3452193
3455050
3455188
3458638
3459208
3460143
3461146
3464534
3465347
3470494
3473638
3474134
3476981
3477981
3478341
3478576
3479126
3484088
3485212
3485835
3486172
3486424
3488121
3490037
3490547
3491588
3492724
3497222
3508203
3508779
3509088
3509116
3509279
3513007
3513720
3513923
3518042
3520298
3521067
3524278
3527112
3528853
3528970
3534532
3537054
3538259
3539674
3539741
3540994
3541242
3543882
3543914
3547603
3547644
3554459
3555690
3558876
3560087
3562848
3563103
3566498
3568014
3571088
3573482
3574944
3575407
3579419
3587744
3589127
3589187
3590354
3590409
3591236
3591544
3591940
3592068
3597799
3599644
3599818
3601229
3604182
3604482
3606534
3607476
3609390
3611930
3613191
3614413
3614614
3615083
3616464
3616725
3616869
3618405
3618730
3620176
3620859
3627268
3629696
3631008
3633775
3637462
3638293
3638434
3638997
3640253
3640872
3644566
3647086
3651027
3652339
3654596
3655139
3662129
3663837
3664950
3667723
3668851
3669658
3673135
3677845
3684325
3686970
3688671
3694320
3694753
3699151
3699571
3700681
3701702
3703606
3704652
3707534
3707777
3710135
3711346
3714708
3715672
3717011
3721608
3724873
3726220
3726703
3727861
3728630
3730657
3732253
3733888
3736018
3736614
3737002
3742037
3742712
3747617
3748900
3753159
3754802
3755266
3756867
3758734
3762525
3763871
3765641
3769606
3770853
3770934
3771063
3772175
3776394
3776790
3777648
3778527
3778914
3783433
3786226
3788733
3790166
3790171
3791818
3792456
3792976
3794964
3795193
3800212
3803548
3804737
3806025
3807096
3809377
3811974
3815560
3817649
3819599
3819709
3823933
3824093
3824413
3825961
3827766
3830163
3830692
3831037
3831515
3833453
3837371
3837580
3841217
3842260
3847547
3857385
3865826
3867761
3872468
3875472
3876397
3884171
3884435
3884468
3885695
3887404
3888164
3888849
3889272
3889317
3889608
3890289
3890886
3892164
3893239
3894348
3898495
3899028
3899914
3900616
3901088
3902452
3903465
3915126
3915580
3918711
3919280
3919881
3924408
3925092
3927085
3929785
3931820
3932295
3936144
3947068
3949860
3951896
3952670
3955778
3956655
3963573
3966611
3972235
3974602
3974654
3976548
3978949
3979960
3980146
3981286
3984408
3985269
3987490
3987877
3988229
3988338
3989556
3992709
3992981
3998989
3999212
4006880
4007221
4011645
4011798
4011975
4012423
4012978
4013151
4015733
4016212
4016638
4020004
4020879
4023195
4027662
4032905
4038034
4039085
4039189
4041112
4041216
4041574
4046218
4055306
4056338
4060234
4065951
4073422
4074695
4075797
4079092
4080346
4084173
4085217
4085517
4087127
4089135
4089348
4089546
4098447
4099319
4101034
4102943
4103645
4104739
4105773
4107280
4108201
4109055
4110350
4111344
4113929
4114901
4116006
4118723
4122222
4123164
4123906
4124006
4125494
4125826
4126148
4126842
4130849
4143223
4146454
4150376
4152430
4153814
4154029
4158668
4158804
4160606
4162883
4163299
4165658
4166585
4168067
4168137
4169165
4171351
4175566
4177301
4178094
4179048
4184454
4187184
4188853
4189781
4189849
4191526
4193270
4194490
4197426
4197705
4201286
4207078
4209923
4210292
4213217
4214481
4216156
4218579
4218691
4218865
4219906
4223100
4223503
4225667
4228797
4230198
4231292
4232239
4234257
4234945
4236080
4236745
4238102
4239503
4241645
4242984
4246220
4247049
4247323
4249203
4250148
4255592
4257330
4258187
4260097
4261641
4264528
4265841
4267443
4273016
4275795
4275800
4277458
4278862
4280284
4280289
4281577
4282540
4291573
4292022
4293333
4294145
4294374
4294674
4295270
4300902
4304503
4306453
4307747
4310513
4310824
4312802
4314668
4316069
4317003
4317843
4319874
4321060
4323652
4323771
4324656
4328674
4329157
4330109
4335992
4337489
4339501
4341837
4344467
4346061
4346784
4351424
4352563
4357855
4359873
4360755
4363543
4363657
4364594
4365482
4365965
4368913
4377147
4377295
4379968
4380220
4381363
4383235
4386092
4386277
4386362
4386788
4387980
4398165
4399541
4404355
4405008
4409508
4413547
4413968
4415549
4418171
4419122
4419273
4421061
4425766
4425865
4426651
4426916
4428358
4436159
4437252
4438555
4442064
4444937
4445318
4445726
4446289
4450390
4455446
4456231
4458021
4458777
4459110
4461674
4464395
4470074
4474368
4477114
4492990
4493122
4497848
4502762
4502982
4503782
4504723
4504819
4508159
4508454
4509758
4511446
4512974
4513461
4517112
4519142
4521126
4521765
4522796
4522984
4523391
4523544
4523965
4530005
4532349
4532486
4535901
4543597
4544963
4545390
4548791
4550673
4551437
4551477
4554946
4555528
4557813
4559345
4559579
4560274
4562198
4568986
4569158
4573554
4576345
4579612
4584317
4584492
4588471
4593660
4594007
4595419
4596086
4599780
4601383
4603663
4608765
4609047
4609196
4609559
4609852
4610997
4611852
4612463
4613274
4614264
4615311
4616227
4620442
4620582
4621059
4621635
4623223
4626142
4626725
4627323
4627405
4627490
4628306
4633048
4637807
4641004
4641995
4643928
4648196
4649343
4649409
4651876
4652268
4653783
4653999
4654121
4654387
4656658
4661224
4663006
4663327
4663400
4664293
4665197
4665493
4665811
4668167
4668820
4675076
4676035
4682489
4682583
4685550
4688361
4689930
4690485
4694202
4700584
4701346
4703768
4704956
4706226
4707373
4707860
4710814
4710898
4714883
4718252
4721624
4725129
4725255
4726072
4726206
4727727
4727785
4730227
4730885
4730904
4736445
4738416
4742402
4746185
4746856
4747452
4748182
4748625
4753130
4756045
4756078
4760177
4760511
4762837
4764883
4766037
4766244
4766453
4767803
4768474
4770325
4771984
4772289
4773216
4773548
4776147
4776966
4779552
4782261
4782645
4783073
4785631
4785808
4791615
4795608
4797988
4801970
4803963
4806982
4809830
4811911
4815877
4817143
4817591
4818341
4818360
4819638
4819646
4821407
4826405
4829222
4830846
4832649
4833412
4836070
4838024
4838346
4842079
4843930
4847838
4848254
4849100
4850149
4851038
4853105
4858610
4861819
4862393
4863990
4868646
4870813
4872204
4875377
4875934
4876444
4876466
4881850
4882782
4884425
4884591
4891089
4892884
4894903
4894920
4895730
4900125
4903769
4905344
4905514
4906036
4907287
4907768
4911087
4911213
4913477
4915693
4917771
4917925
4918421
4922977
4924223
4927615
4934424
4934945
4935543
4935585
4935604
4935892
4940885
4941505
4946715
4952044
4952470
4952831
4953152
4962955
4963502
4967975
4969610
4970158
4973804
4975765
4977180
4986765
4987723
4988994
4989703
4990399
4994204
4994361
4996441
5000063
5000566
5003388
5006894
5015306
5018213
5019902
5020734
5021395
5021806
5022157
5024534
5025966
5026659
5026864
5030962
5031571
5037681
5041079
5041466
5041860
5043075
5044877
5045457
5048884
5048915
5051257
5052351
5052381
5055577
5058329
5058812
5061648
5061981
5064819
5065479
5068096
5069115
5069595
5071197
5072090
5073742
5073923
5073974
5074241
5075281
5077376
5077492
5080491
5083975
5085022
5086653
5089799
5092585
5095134
5098514
5098711
5101457
5101690
5105458
5105621
5109656
5111427
5111488
5112668
5113790
5123706
5124551
5125752
5126869
5127549
5128332
5129681
5129913
5131228
5132439
5134578
5137769
5138997
5141837
5149296
5150568
5154467
5157648
5163112
5163551
5166268
5166464
5166645
5167816
5168244
5168451
5175973
5177834
5178675
5182738
5190696
5191646
5193186
5194136
5195920
5200250
5206412
5207236
5208736
5210745
5211853
5212214
5213082
5213433
5217377
5220732
5221850
5224798
5227372
5227838
5234985
5235059
5239363
5241540
5242538
5244691
5245326
5246025
5246493
5250395
5253833
5255598
5260806
5263319
5263763
5263804
5269814
5277598
5282436
5282947
5287627
5289351
5294689
5301656
5304694
5304702
5305177
5309978
5315974
5319318
5319826
5320367
5326136
5330239
5331033
5331889
5332944
5335832
5336504
5337636
5338105
5338380
5339056
5339376
5339962
5342694
5343249
5352846
5355216
5356300
5356856
5357205
5361110
5367067
5367228
5367938
5371014
5373795
5374794
5378520
5379217
5379653
5380095
5380932
5381790
5382171
5383608
5383733
5383897
5385044
5389080
5390768
5391554
5393796
5399487
5399509
5399907
5402052
5407208
5407309
5408857
5412212
5412633
5417076
5419273
5419926
5420566
5423291
5423322
5427766
5428149
5429996
5430084
5433438
5433591
5433957
5435910
5440927
5447963
5448356
5451221
5453889
5457367
5459372
5461633
5461741
5464208
5471074
5473153
5473519
5475186
5476983
5478296
5480443
5480566
5481020
5487875
5488710
5488803
5488926
5490558
5491486
5492241
5494988
5495390
5495716
5496220
5496669
5511111
5514364
5514742
5516040
5516305
5519120
5519554
5524368
5524593
5526813
5526844
5533662
5534711
5536780
5537852
5538192
5538726
5539090
5547634
5551609
5551854
5554932
5558590
5560048
5561034
5563452
5569348
5572626
5573534
5574248
5575620
5576563
5578082
5580924
5581693
5585184
5585305
5588645
5590891
5591916
5592316
5594302
5594790
5595620
5596711
5597465
5598241
5598295
5601370
5603415
5604976
5605091
5605860
5605926
5606230
5606243
5607982
5609639
5610902
5611142
5611262
5611656
5612246
5613739
5614659
5616070
5617496
5618940
5619513
5620289
5622750
5623301
5627775
5628029
5631024
5636229
5637611
5638444
5641939
5642277
5647959
5648096
5651776
5654081
5654690
5656659
5657573
5663675
5666447
5668612
5668987
5673410
5674217
5674433
5675622
5678593
5700685
5702663
5703331
5708444
5710299
5710471
5719233
5722889
5724732
5725740
5729467
5733827
5734023
5734029
5734082
5737911
5738272
5740687
5740937
5744143
5745499
5749449
5755435
5757278
5757673
5759139
5760398
5763728
5764387
5765547
5766311
5766452
5768665
5773643
5776367
5776690
5778032
5778890
5780137
5781455
5781940
5782702
5783546
5783876
5791617
5792257
5793449
5794840
5796345
5796739
5797287
5798293
5803989
5807614
5811584
5811595
5813298
5813599
5816630
5820753
5820855
5826769
5831393
5836484
5838638
5839255
5842609
5843306
5843784
5845598
5845650
5845733
5846451
5846633
5847037
5847246
5847284
5847426
5847948
5848919
5852076
5852490
5852502
5855157
5856830
5857755
5858352
5862250
5864878
5865120
5865726
5866387
5867857
5868886
5874148
5875632
5876151
5878467
5878553
5881988
5884055
5885489
5885809
5885960
5886036
5888300
5888602
5890290
5891690
5891705
5892339
5893444
5895466
5896941
5897054
5898946
5899296
5900572
5902847
5904000
5906814
5907242
5907424
5908019
5909153
5911622
5911742
5912343
5914577
5914966
5915941
5917458
5918456
5919977
5922031
5923575
5934355
5937988
5941025
5942204
5945498
5946122
5949750
5953095
5953977
5954769
5958003
5958658
5961271
5965205
5966443
5968372
5973859
5974575
5980138
5982351
5982594
5986787
5988844
5993216
6000770
6002955
6006269
6007377
6009790
6011364
6014627
6016944
6017189
6017665
6017886
6026244
6027667
6031042
6031516
6032063
6036493
6036590
6038080
6040879
6041330
6044360
6045082
6045943
6046623
6050706
6050872
6051061
6058511
6060374
6064750
6065165
6068397
6069652
6072901
6074951
6076815
6077134
6078573
6079964
6082035
6084521
6086122
6087142
6088725
6095583
6096506
6099993
6100092
6101197
6106997
6107242
6107518
6110869
6111081
6112496
6118369
6120359
6120834
6121867
6124829
6126394
6126463
6126757
6126945
6128384
6130961
6134904
6135232
6135757
6137493
6137727
6142182
6143185
6143409
6149270
6149759
6151649
6153000
6158389
6159979
6165133
6165507
6167553
6170917
6171989
6172127
6172282
6172378
6172771
6176304
6177276
6183334
6187790
6187911
6191185
6192851
6196462
6198101
6199179
6200576
6201990
6202838
6205348
6205732
6208438
6209080
6212099
6212636
6213207
6213215
6215686
6216005
6218777
6219733
6221990
6222049
6223056
6224594
6225086
6225377
6225629
6226036
6232048
6232086
6233013
6233219
6237817
6239576
6240057
6240493
6240862
6242030
6250847
6252141
6260194
6262226
6262854
6264418
6265236
6272997
6276156
6276356
6278442
6278871
6281651
6287946
6294027
6294477
6294860
6301566
6303636
6305462
6305732
6308362
6313842
6315002
6315075
6315121
6316112
6316770
6318577
6320047
6326440
6327719
6328242
6328777
6331357
6332075
6332336
6333649
6338232
6341022
6341938
6346406
6347342
6347540
6350863
6351242
6354995
6357647
6359302
6361599
6367679
6369528
6370397
6370812
6370828
6370872
6380173
6381383
6386100
6386324
6390340
6392610
6395071
6395719
6398297
6398462
6401237
6403173
6405203
6412064
6416228
6416665
6417238
6418155
6418857
6419226
6420917
6421487
6422975
6426630
6427893
6428255
6429074
6430599
6430872
6430886
6431725
6434640
6439419
6443205
6443418
6444271
6444487
6451910
6453936
6454674
6454985
6457296
6459109
6461204
6461602
6463227
6463822
6466412
6468266
6469552
6471142
6475031
6478021
6479407
6488056
6488549
6489652
6490959
6491286
6491506
6500510
6503431
6507589
6509281
6510140
6514201
6516329
6518008
6518231
6519214
6519886
6520494
6529931
6530377
6538286
6541058
6542403
6547369
6547701
6548047
6552571
6554048
6557242
6560632
6560747
6561464
6562947
6564168
6568663
6569875
6571613
6572353
6577409
6579598
6580222
6582422
6585912
6589098
6591547
6592985
6599301
6599510
6602523
6611327
6612865
6613945
6615689
6616458
6617721
6623227
6625632
6628434
6629433
6631218
6633209
6633829
6634471
6634787
6635950
6636419
6639081
6642620
6642697
6655570
6655664
6660292
6663211
6663855
6664162
6664270
6667617
6669018
6670588
6671339
6673099
6674583
6676315
6678126
6679375
6679790
6681662
6683079
6685341
6689097
6691186
6692053
6694338
6695668
6700713
6701385
6701868
6704816
6708179
6709419
6710227
6718691
6719528
6720634
6723640
6723971
6727031
6728121
6728917
6729518
6729596
6733932
6737530
6737980
6741080
6741799
6745108
6745613
6746027
6755699
6756200
6756594
6758642
6759809
6768080
6768585
6772226
6773777
6773884
6774137
6776095
6776847
6778525
6779935
6785673
6786475
6786635
6789942
6790935
6800327
6806227
6807870
6808231
6818757
6818901
6820552
6820846
6821688
6826304
6826530
6827639
6828204
6829126
6829974
6832453
6834175
6836355
6844067
6845131
6846122
6848333
6848346
6848872
6851399
6852572
6852585
6852949
6855181
6858940
6859540
6860680
6863874
6866234
6866548
6866804
6867630
6867706
6868549
6871054
6872486
6873034
6873241
6873570
6877265
6879004
6879150
6880831
6884775
6884868
6889104
6889732
6889858
6894447
6895924
6902736
6902896
6908008
6911028
6913347
6913732
6914470
6914519
6914645
6915148
6915808
6916374
6916844
6922307
6922834
6924499
6924937
6927570
6927827
6932115
6933576
6936637
6936924
6937308
6937524
6941694
6941751
6945086
6952663
6953687
6961316
6962462
6963617
6964988
6965051
6967823
6968809
6971284
6971883
6972567
6975225
6975634
6976372
6976635
6982397
6982821
6985785
6985903
6985982
6988803
6991015
6994253
6997543
6998488
6998809
6998928
6999081
7001068
7001716
7006694
7008692
7010073
7011814
7015740
7016602
7016663
7016953
7018424
7018739
7018974
7020110
7020571
7021628
7021899
7022845
7023229
7023626
7024303
7025380
7027039
7032564
7032845
7034896
7036452
7041369
7042601
7042693
7046730
7046872
7048244
7048463
7051819
7055400
7055929
7056901
7057333
7058232
7059156
7059162
7062108
7062952
7070763
7074258
7075270
7075456
7079250
7080028
7084503
7084665
7086048
7088566
7089129
7090029
7092256
7094243
7094384
7096084
7099020
7099197
7099521
7099640
7101261
7101953
7103298
7107411
7113942
7116253
7118229
7123352
7125245
7126701
7128774
7134015
7136480
7138905
7139169
7142626
7143625
7144421
7144717
7145064
7146096
7147288
7150266
7151430
7152191
7155461
7156991
7158603
7161522
7162539
7162991
7164156
7165685
7166180
7169078
7171257
7171366
7172345
7173528
7176799
7179847
7182034
7184188
7184795
7190807
7195114
7195793
7196768
7198681
7200170
7200990
7203148
7205207
7205632
7206784
7208187
7208499
7209491
7210615
7211635
7212346
7215007
7215485
7216645
7217841
7218151
7220632
7223286
7223652
7226942
7231967
7232302
7233081
7233667
7234987
7236662
7237276
7238386
7241033
7241566
7243027
7243142
7243681
7245238
7245885
7250195
7253876
7254015
7255284
7258732
7259011
7260734
7261362
7262361
7264494
7266305
7269290
7273731
7281093
7281402
7282315
7285456
7285794
7291511
7295292
7298358
7299517
7301311
7304444
7304828
7305427
7310318
7312057
7313360
7314574
7316087
7318297
7323473
7323969
7327941
7328521
7328540
7333558
7334373
7335724
7336272
7337196
7339057
7340442
7341068
7343636
7344920
7345236
7346231
7347572
7347998
7348488
7350465
7351107
7352400
7352623
7353744
7355646
7356791
7358560
7358967
7360513
7362137
7363011
7363053
7365945
7366473
7369169
7369285
7369379
7369890
7372106
7372909
7373150
7375525
7376805
7381634
7381818
7383006
7383252
7384147
7384328
7385483
7385629
7387481
7387793
7388752
7389731
7392349
7394672
7394727
7395542
7402526
7403768
7405793
7409765
7411520
7413286
7413434
7413846
7416847
7419757
7419862
7420277
7420580
7420971
7421221
7426708
7428636
7430755
7430827
7432907
7434675
7436165
7436866
7437347
7438429
7439112
7439314
7441800
7441838
7441884
7442413
7443457
7445425
7446377
7452179
7452589
7452848
7456618
7460895
7462561
7464169
7467160
7472397
7472705
7473344
7478112
7479946
7481060
7481210
7484726
7487613
7492000
7493949
7494393
7494398
7496149
7497435
7497791
7498872
7500219
7502527
7503184
7505685
7506735
7508597
7512937
7514614
7517813
7518640
7519316
7520668
7521410
7521958
7523477
7525588
7525875
7526255
7527579
7528511
7530575
7532547
7533198
7534880
7535731
7535911
7536939
7539041
7539187
7539493
7540186
7541400
7541646
7543979
7548025
7549218
7551790
7552274
7553502
7555953
7556073
7558889
7560818
7565834
7568722
7573641
7573889
7575559
7576795
7577273
7590386
7590912
7593041
7593845
7595644
7595902
7596335
7597546
7598946
7599646
7602956
7603855
7605106
7609488
7609771
7611032
7611693
7613125
7614058
7615085
7617623
7617738
7619779
7620420
7621628
7623058
7624350
7625154
7625789
7628336
7631777
7633052
7637862
7638370
7639423
7645667
7649549
7651463
7652700
7654392
7658418
7658586
7664034
7664188
7666827
7667569
7667891
7668928
7670306
7672751
7675757
7676669
7679621
7679982
7680477
7682779
7687233
7687342
7696506
7696731
7697496
7702638
7704199
7705351
7705728
7709842
7710159
7710999
7711084
7711635
7711847
7714702
7722542
7725160
7726365
7726997
7727243
7727407
7728147
7729708
7735762
7737424
7737694
7738987
7740199
7741310
7742506
7746750
7748061
7751322
7752908
7753257
7753477
7754530
7755054
7758632
7760430
7762813
7764673
7765877
7767350
7770499
7772123
7775712
7775843
7776206
7777259
7778431
7778570
7785023
7785217
7786086
7788240
7789952
7790950
7791236
7791379
7794716
7799991
7801080
7802266
7805103
7811783
7811989
7814414
7815864
7817593
7818150
7820728
7822996
7823387
7824266
7827108
7827303
7827584
7831394
7833432
7834439
7838670
7840270
7840537
7842348
7842579
7842938
7845738
7846888
7853658
7856135
7857567
7865133
7865146
7866275
7866971
7867697
7870524
7874223
7875836
7881334
7893484
7895207
7896631
7898340
7898614
7900257
7900951
7904575
7908340
7909657
7914846
7920288
7925207
7927918
7936602
7936903
7937736
7939288
7941311
7944181
7946095
7947708
7949335
7952421
7955109
7956580
7958045
7959464
7960949
7963831
7965968
7971475
7973027
7980756
7984181
7984217
7984438
7984994
7985168
7987169
7993228
7996763
8000872
8001534
8005428
8005659
8011636
8013267
8017865
8017892
8019818
8020900
8022271
8022875
8025843
8027746
8031103
8033065
8033279
8033429
8034858
8036003
8036831
8036956
8038543
8039569
8040555
8040614
8041213
8041346
8043275
8048367
8049882
8051237
8053903
8056709
8056950
8057947
8058190
8058943
8062668
8064493
8065416
8071020
8072969
8074229
8075463
8079191
8079629
8080911
8081228
8081424
8081886
8086306
8088727
8090715
8090768
8090852
8090946
8093440
8093923
8095929
8098035
8100311
8109774
8109979
8112764
8117628
8117765
8123287
8126933
8127625
8128044
8128453
8129201
8135428
8137276
8138117
8138768
8139868
8141358
8142447
8143336
8146737
8148447
8157212
8163308
8164032
8164748
8165316
8165554
8167972
8168962
8172474
8173986
8175717
8175856
8177155
8178952
8180901
8183350
8187585
8189678
8192909
8193427
8193745
8193938
8194222
8194867
8197641
8200858
8206479
8208605
8209960
8211754
8213829
8215142
8215766
8215767
8216261
8216664
8216924
8217813
8218995
8219308
8223018
8223442
8226182
8228052
8228177
8233612
8234154
8235099
8238468
8239217
8242860
8249536
8251888
8252308
8257161
8258112
8263005
8265020
8265111
8265156
8265666
8265735
8267260
8270639
8277402
8277431
8277740
8280080
8283073
8283139
8283646
8285095
8288145
8292663
8292733
8296133
8303359
8307823
8309073
8311316
8312531
8313394
8314622
8315621
8320755
8321768
8325866
8326160
8328881
8330080
8332135
8332794
8339232
8340106
8343455
8344961
8347437
8348478
8349108
8349433
8356313
8358278
8363361
8364705
8365043
8366968
8368300
8369233
8369657
8369732
8372162
8372827
8375707
8376404
8377379
8384632
8387550
8390694
8391396
8402892
8404258
8408512
8413762
8418628
8420014
8423700
8428881
8430142
8431705
8431985
8433521
8433856
8438279
8438666
8438836
8439853
8441741
8443457
8445824
8449328
8452005
8454342
8455338
8458211
8458726
8460301
8462832
8463079
8467484
8468690
8469781
8470326
8470360
8472810
8472948
8475317
8477980
8480483
8483759
8486392
8488200
8488394
8490272
8491417
8494177
8494478
8494933
8499348
8502764
8502924
8502958
8504569
8504871
8505441
8506342
8507986
8509026
8509250
8509522
8515566
8517544
8519397
8520335
8520919
8526492
8530173
8531817
8536872
8538641
8539589
8541645
8544297
8544667
8545494
8552252
8552892
8552995
8554671
8554700
8554969
8555253
8555291
8556900
8566568
8566685
8570691
8570795
8573133
8574478
8578174
8579422
8584474
8584626
8584827
8585744
8585909
8588346
8594104
8600781
8605436
8609119
8611529
8611997
8612909
8613051
8614252
8615774
8617046
8617691
8621114
8621259
8622482
8627370
8632290
8633328
8637314
8644154
8644160
8646773
8646910
8648957
8652595
8654049
8654736
8655795
8656945
8657788
8660043
8661172
8661337
8661410
8662838
8664022
8666001
8668935
8670367
8671097
8671268
8674832
8675118
8676485
8683424
8684157
8685743
8686407
8687698
8691521
8694892
8695445
8697675
8698367
8698989
8699169
8702304
8708128
8708895
8713501
8714792
8715769
8716263
8718560
8721682
8722257
8732426
8732964
8734303
8737724
8739539
8744721
8745296
8750069
8760264
8763467
8763972
8768053
8771591
8774204
8774547
8781436
8782747
8787473
8793202
8793829
8795008
8796370
8798531
8798774
8802552
8803010
8803403
8806477
8812175
8812615
8813813
8820165
8822893
8823594
8825424
8825720
8826165
8826365
8828043
8829493
8829586
8830595
8838052
8838502
8840115
8841510
8845271
8848747
8853314
8862422
8863312
8867556
8869204
8871833
8873061
8873288
8874732
8876011
8876404
8877941
8878905
8880774
8883653
8884005
8884831
8886351
8889886
8890200
8893479
8893598
8896275
8896447
8896935
8899650
8899884
8904661
8905474
8906363
8909637
8910283
8910303
8915459
8916201
8916808
8917168
8922340
8923836
8925014
8925587
8926633
8931788
8931869
8934852
8935095
8937847
8940695
8944876
8948064
8950242
8954554
8958252
8959687
8960107
8964718
8975711
8978494
8979592
8980245
8985324
8987118
8989113
8993600
8999058
8999519
8999712
9002100
9004047
9005539
9006091
9006837
9007173
9012913
9018848
9019173
9023942
9027854
9030488
9031220
9032052
9034600
9034903
9036925
9037314
9038900
9039061
9039838
9040251
9041099
9041377
9044492
9046220
9053289
9053444
9059856
9059894
9064739
9064873
9065947
9066017
9066850
9067178
9072827
9074652
9077760
9078312
9081373
9084647
9088880
9100495
9100639
9101808
9106675
9109613
9109865
9110707
9111227
9117695
9118230
9120693
9123933
9124392
9127293
9129654
9130298
9130884
9133916
9134191
9137195
9139265
9140111
9142238
9146527
9148531
9149808
9155106
9155256
9156913
9158095
9159146
9159782
9160614
9162852
9163757
9166341
9167755
9170888
9174140
9176716
9176756
9178071
9184040
9184520
9190326
9192437
9192922
9195479
9199645
9200165
9201270
9206983
9208024
9209805
9210732
9212491
9218801
9219142
9220933
9221611
9223120
9224927
9226871
9227383
9228872
9229957
9234406
9234783
9236136
9236178
9240011
9245592
9246376
9249950
9250421
9252274
9252602
9253009
9253449
9253525
9253996
9254438
9254995
9255154
9258056
9258666
9263899
9269311
9272098
9272669
9272855
9273719
9274215
9276334
9277377
9280556
9281152
9281633
9283022
9290246
9292268
9292826
9292846
9297916
9300069
9303896
9306402
9309592
9309851
9310404
9314409
9318093
9319303
9320589
9320659
9323020
9324420
9327703
9328063
9331919
9332642
9335586
9335969
9335987
9338973
9339987
9341011
9342819
9343130
9344026
9344946
9346277
9347369
9351229
9352292
9355530
9358920
9359403
9362514
9363120
9367106
9368151
9368997
9369944
9371504
9373307
9373467
9373674
9375172
9375922
9378970
9382609
9385308
9386321
9390628
9395792
9396260
9396362
9397122
9397214
9398272
9400001
9400111
9400515
9403034
9405141
9407619
9408485
9409623
9411108
9413169
9413218
9414073
9414502
9419323
9420726
9421714
9422235
9423940
9425223
9433570
9436639
9439300
9441990
9443526
9450634
9450879
9453566
9454455
9455218
9455488
9458294
9463197
9468064
9471966
9472049
9472938
9475404
9476436
9480857
9484223
9489870
9490790
9491649
9496141
9498008
9499649
9500018
9500433
9504941
9506145
9507978
9509289
9510218
9515273
9518717
9519355
9519461
9520042
9520353
9520447
9522606
9527629
9530025
9530136
9530351
9531265
9533188
9537655
9538953
9541421
9542980
9545690
9548644
9552843
9554847
9556913
9557778
9558792
9561472
9562364
9563788
9565649
9569183
9569505
9572621
9573675
9576637
9577558
9579196
9580384
9581020
9582412
9583817
9584337
9586013
9586613
9587276
9589685
9596746
9597320
9599642
9600095
9603954
9606626
9607996
9610375
9611429
9611601
9612062
9612940
9615250
9617718
9618020
9618022
9622766
9623906
9625826
9626006
9630378
9631286
9631933
9633772
9639442
9639468
9640228
9641598
9647225
9647539
9649779
9650059
9653086
9654819
9655158
9661444
9661610
9662574
9668557
9671125
9671223
9671799
9672253
9675485
9676525
9678885
9679251
9682868
9684420
9685801
9685866
9686345
9686826
9687465
9688198
9689309
9693244
9693529
9695015
9695520
9697583
9699625
9701172
9703201
9707063
9709059
9711928
9712414
9714626
9715097
9716650
9718446
9718721
9721492
9721536
9723461
9724007
9725023
9726416
9730677
9732221
9739261
9743416
9751779
9755521
9755696
9759627
9761681
9762268
9767734
9769266
9769675
9772312
9774714
9775041
9781631
9784283
9789359
9789960
9790055
9795136
9796867
9798014
9798931
9799936
9806290
9806362
9807614
9808174
9808371
9818907
9823123
9826710
9833047
9833976
9836163
9838354
9838487
9839355
9840779
9841992
9842297
9844608
9845659
9846643
9847671
9849182
9856433
9857576
9860726
9869111
9869346
9870445
9870747
9872123
9873831
9874395
9876843
9880039
9881829
9881835
9882046
9882064
9889004
9890640
9893326
9898172
9901148
9902458
9903203
9906409
9908580
9911435
9911687
9912023
9912105
9913664
9918983
9919438
9920707
9920965
9922248
9923373
9924500
9926977
9932386
9937341
9938495
9938706
9943566
9944461
9946916
9947353
9951203
9954683
9957526
9958009
9958436
9959268
9959316
9963105
9963255
9966059
9967369
9968207
9968333
9968733
9970869
9971328
9971646
9971801
9972267
9972455
9973503
9974564
9982386
9982996
9983712
9985713
9987762
9988020
9989280
9989364
9990021
9991566
9992602
9994295
9998639