420
5750937
420
1044411
9922225
2141948
4021819
6083736
9152280
3880175
6189552
6024598
1369843
6883322
420
3347413
7574034
4835837
1171530
420
420
3239574
8946069
3179150
1320358
2502345
8998423
420
490350
9980396
3289323
1928631
705043
4463452
4879383
420
420
140269
5243296
4843173
3581715
420
1475381
9365988
7371875
1395447
420
420
4915793
6008278
1182894
4913245
420
6543230
135458
3575360
9988843
4775237
7684382
420
429891
3690478
420
920859
2128638
8182766
420
7473650
4960611
7846426
420
420
8349401
9181978
4478250
420
8101543
7620487
9825803
4121634
5077188
5331146
420
7411064
7486381
1959005
4859541
4986454
8841546
420
5098551
420
4405127
4163652
4828536
5402149
5398636
2240214
420
3518533
6792157
8466798
7310106
1567923
4513230
420
4999358
9725281
420
4828351
7108041
4265039
420
8669559
6883121
2493492
420
420
4806732
9296396
420
2578248
4228948
420
420
420
7823104
4678532
5802777
2931775
1847581
9377691
3318329
5586324
3833470
4175548
7700381
1500203
5109401
420
4421264
2883912
420
4705501
420
528291
420
8402696
420
420
7121593
3916014
5478224
420
8773436
1426879
2814270
1399327
1112480
8297763
2320393
5305873
500177
420
7401901
586621
420
420
420
3662893
420
8307275
3510915
4200694
6775910
1322863
3034448
3510404
9088680
3190026
4455946
420
7712399
4308579
420
2090252
3297798
5544051
1708873
2806680
309055
6498557
420
1476420
9799430
3080529
522931
2186435
4075023
9742499
1518602
8093825
9679669
9856834
420
420
195274
7292300
5830505
1520497
1800684
6584756
1325476
7798824
4091919
1793320
2533343
4610071
420
9801955
9721596
420
4360089
420
3660696
212624
192436
6576154
420
7221097
350599
6895355
2998248
5925425
420
3504682
6992710
9133152
534151
420
8381902
420
939643
6377491
420
420
383827
420
3901538
9503837
504866
7280377
2284235
420
7951412
2626449
9848069
8736864
9995712
2155975
9223483
9388211
8142139
544884
1808795
5253261
3494402
1169260
9227528
9367507
9271344
4401391
3666092
6517917
5755833
9915874
756065
1321791
9061229
3210392
1102235
7749961
5010846
7143332
6780466
4091522
420
420
7534310
6762553
3657007
3710139
4238520
1221806
4669105
420
6240752
1416069
5812894
8398599
298138
420
420
4966833
420
420
7499754
5314551
8450932
420
3149744
420
5619250
7446256
7094286
2151181
8970847
7575711
6109987
4064081
7309436
3389139
420
9120551
1689496
420
420
9670408
916035
956390
4793472
420
9096102
569372
6540595
6424887
3217227
420
3421849
919147
420
349178
9238478
7387648
6482472
2973496
5925434
5759872
5440048
519482
2328863
3191459
8458202
420
8732130
8995534
917305
1345691
4594356
9681631
2333640
6728970
6553876
8850383
2419333
6702348
420
420
6850811
277206
5509315
389077
9739590
9424193
5428614
793185
5774841
6504636
3374530
1613742
785250
420
1872889
2648724
3915047
4920537
2356375
2150673
9116651
6970034
9016009
3486124
1564147
3834289
1646238
2163392
4511290
9415433
6959998
420
6931679
8058773
3450685
8547610
420
420
9214248
4818282
5396755
420
420
4630194
8843937
420
420
1913405
420
6810382
7321280
8789785
9141287
420
420
781322
152915
4054820
7110115
7385878
6524537
420
420
6518644
5380557
6322582
5397043
420
420
5191467
420
420
420
1561442
420
6867503
2004516
874792
503097
4394598
4285992
6104194
7864971
7905795
4820464
4829184
986668
8462238
1033539
2170159
1398267
4599383
420
3209826
2301434
420
3292580
420
1293189
2500455
555125
5956623
375301
2151681
420
9377494
7429797
4285359
7957536
4390424
4494678
7828906
8865116
7920997
597083
420
420
9907046
2371160
8489102
420
4361273
3382400
420
5525324
4117708
420
420
2900277
4601290
8838190
7577542
2334385
1378664
1576548
8326280
8453552
61506
242692
5302164
4191701
4261953
5448985
4325940
6086615
6818100
8670521
420
344495
1936731
9019552
8459203
420
382816
4793717
9414040
420
5488767
1729336
4356698
2543571
1021668
4751089
2310191
2302010
2642058
3801093
9771430
5717490
4367000
5887034
1116701
4180813
3549447
6849115
7541245
7890881
420
420
7655460
9499387
6975597
1371233
4073314
2459530
2816872
420
1527962
420
7285660
6410456
420
6141816
6529469
5036465
2457678
468285
420
7683141
5589748
4302190
5037607
420
2101508
420
7805736
5052334
5423601
1559602
6588867
420
4819964
8124085
464016
7212400
4330286
1562212
3958162
420
2559550
420
6956888
9958088
5790001
9287027
5362440
7978764
9881483
3920584
4621101
420
1497522
2927496
2458345
5455776
6716575
2705624
737299
420
4670248
3065035
2555414
125465
8645835
4604143
6400039
420
4783041
835845
420
2383628
725896
2654351
7945740
2369724
420
7571305
3899575
9923633
7468147
420
420
6960026
9939254
8453027
4964793
6034484
2091748
2777159
6463904
7234806
1226859
1214361
5291551
2638042
3712699
1436123
9462830
488804
6592855
420
1391541
420
3832237
6905509
8232720
4162574
795381
9792293
8213557
1724238
4567436
3095403
420
420
3326434
6970692
7765205
6963642
8165911
5400966
4150738
3033433
517851
6964121
1492879
4656054
6954353
7126639
6497596
2795590
7944758
6397630
420
2540404
247189
5738319
7360805
5734820
3918459
7841985
420
5833941
9374404
420
7634891
1924189
9510756
2220325
420
906
9868082
3842172
8651939
5328897
420
4154737
420
4227681
1910157
8880820
9217794
7568395
1458494
7348669
9621260
9593853
2675217
7462658
7760125
420
5982473
8375800
3981173
9699270
8406312
205973
211471
30904
8996360
420
8658010
5487932
6581029
275470
3458833
463293
3300802
9891632
420
420
9575608
8033781
2166166
787528
3392505
4298288
420
2759307
2774718
1756006
420
2151621
5475370
5620871
420
9595697
420
9260091
4242131
420
3555080
956709
420
5658021
420
6644324
6521192
530755
598584
420
420
420
1550857
7464274
2375025
1257783
9234694
420
420
9835189
7585070
3538532
5336474
4417862
798416
5520954
9682937
1255814
9829616
6680688
6074591
420
2564298
7549410
1017780
9663502
420
1695011
420
3071121
6582527
420
1958707
7098748
2253985
9929029
5643647
420
4819953
420
1813126
420
6384233
8498155
8253302
8728382
8671411
4990040
420
9525960
262643
8524260
9414330
420
420
420
6068446
6787433
2765017
8806649
1574612
6729094
8293271
8249794
5494887
2204744
3349604
8156963
9397542
420
6201723
420
420
250534
543465
7114442
4056320
6770463
8990308
1110294
420
6475726
3520233
2706650
4513644
420
6684624
295147
2684676
420
420
4830186
8450248
420
7485463
420
2383256
1946656
3781309
5525564
9524650
1420722
9519679
6053587
6325210
7851067
8613032
2879678
420
5296223
420
5794869
5656728
420
4286131
4565568
4119352
3771843
4175322
7965977
5588620
6316854
4445030
420
2069626
420
3108049
3872457
420
420
8450339
9773235
9763690
1601398
1052167
2047387
750550
8938295
1911605
2863057
61927
6552578
9775743
5678893
942722
420
9687496
400201
4998621
420
5247670
4422185
420
7151393
1059157
420
448647
420
3421837
3900023
420
9738506
7051900
420
8368282
4350738
3327643
420
5450221
1739425
663871
206821
420
2969674
2094285
5584769
8559767
6451213
3808616
451435
7026540
420
9909860
402559
5530698
1086125
4237250
4685394
393090
9413647
3066560
420
8404328
393268
5406587
1989628
3419254
420
2285156
6286289
7479450
9451631
6394203
432000
420
8091767
9469265
1497883
2325053
2673829
420
420
6134570
4228766
6021252
2824261
420
8948261
9665433
9988438
641837
2404464
420
420
420
1554223
2190058
5291966
1337628
692102
420
9716375
2960872
3900980
9699502
2265773
420
420
4766548
420
6093451
9775007
420
852144
9443273
1186926
8493332
3408208
2425799
1785525
420
420
4285290
420
420
663398
4075897
420
420
3659461
9934927
420
420
4776269
6977297
3917951
4151885
4822041
6616231
742983
8306251
420
420
420
5609434
7215705
3359022
6408333
420
7746172
8272521
3002913
8701539
365520
420
4558777
3002044
420
9559041
3530212
420
2243477
4588403
9919283
1982648
2816085
1339709
3056795
7964228
5436555
1832908
420
3636160
9261673
2942752
923198
2820485
420
420
3244922
420
4668048
7837308
435591
8946937
198680
5002855
5600338
4337640
761566
6976616
420
3021119
420
5489550
420
1139393
4769960
2521669
420
7843531
420
7506036
9043089
7927024
9756768
8657426
420
420
2851544
2726405
420
9026251
2477847
1879144
420
1376339
759018
6213217
6895783
7433663
420
3978394
7961265
420
1276688
8085341
462113
31122
8963207
138372
7347532
3989714
2021717
3086389
4609729
7326332
8227560
9762692
9040811
5146323
9202764
420
420
3478564
1206567
5374494
420
6279616
2087931
9154464
5213797
420
9828116
4278942
6755727
420
1642527
498042
6619348
420
1859700
420
5974902
6668139
7931620
5130340
2068376
3544093
5845724
9692074
8815248
3465286
2588899
8733933
2622242
7696017
420
5592033
905821
4160182
7401946
4265838
5155856
9508772
420
5411268
3288314
4718700
3261652
9933108
420
420
420
4576347
5579545
3001204
8183519
9245033
4925924
420
6381093
1922940
706021
3423026
4388869
8708827
9405936
1973260
9602967
8865136
6930233
420
420
9271672
1996782
587405
814451
8949701
7497606
420
662698
420
420
1117011
8951968
4139262
420
9402181
6918084
420
2848431
420
6126995
420
3958874
1240223
420
420
7977824
7396353
5330929
6753043
8104185
5299201
420
420
5338642
420
2926638
7252638
2359440
6820669
4942034
420
6564461
420
6751588
3753581
3779938
1657391
2761632
9034148
9923638
2790539
420
9501642
1860392
9946252
2747967
8646313
420
9594369
140548
3283991
5067886
1827371
4581900
420
7011083
420
8840574
6489825
2475546
9017225
7083209
6291123
8912903
9811071
4269606
9968677
7373237
1903965
420
420
8782042
2936346
9962140
420
420
6112638
420
5249699
420
403833
3887860
420
6678091
8039665
4642760
3403183
9869657
420
7194101
1484138
420
1596570
420
7895751
8810896
749727
8563696
4792797
7827719
4248105
2795611
420
2555549
420
420
3721639
2178325
2163162
7890016
2841595
577612
8519242
477528
420
4693311
9103092
6194743
420
9708271
420
2522066
7162875
4180517
4903637
420
420
420
2688090
5744587
9208758
7788500
490882
420
2260950
671942
6190067
420
4988212
3981174
420
7431577
2650849
420
1013503
2694632
420
1810682
2927608
5057713
7031899
3154181
8580486
6695614
420
6818870
844062
420
420
9202095
770668
4120458
7403860
420
420
1273626
420
420
2728538
3113367
420
8442182
1203484
7001567
420
5211795
1729388
8455214
3056711
99753
1799924
420
420
420
2221758
3338226
5193112
7214000
5237487
8982850
7226801
5587455
3899647
707976
6794877
1411433
9577323
8256634
350014
951318
567535
5113766
2986772
420
1480549
2388886
1419807
5788469
7662832
420
7634589
1202275
9790298
4116535
8827146
1235320
831458
5758039
7417104
5385936
7080475
4024872
5186841
1968494
4099572
4053034
3165319
4252210
9222351
6464902
420
3839878
8818791
3291780
9358302
5108077
7118807
1929973
8693108
9392242
9813355
420
8671394
1334649
6507419
420
5999466
3251214
7989161
9980408
415618
6874672
4614281
1561462
4059010
5235741
420
420
420
5653836
6444593
783465
8363740
9204552
5062369
6308573
978219
6140859
9632404
7707847
5181826
4889823
420
897494
1336818
4114996
1154032
5873272
420
3357972
467435
4873701
7874200
420
7158102
428230
8565156
420
66838
6116391
420
8888447
7341988
4213236
1184914
8186463
7574116
9454370
6349583
9611869
9856170
7438000
420
1398243
420
2362578
364453
420
420
1299002
5032555
420
6229055
7727173
6647371
5264716
8676949
1400483
3933695
420
4160001
6098714
2554554
2651729
7219470
9780660
4502139
9237009
6241392
3494666
420
1499610
2772277
9880075
3510418
2984715
1117966
9104875
420
420
1607778
5100116
823793
2009680
269914
2084246
4193468
50980
6826542
5504390
9577694
420
8615205
420
420
276658
9518662
4107419
420
5402198
8481391
420
5420763
2344621
5242008
454460
5761244
541636
9851842
8417817
4267881
420
8523449
2850956
8833270
2780427
5638539
6941231
5354441
3264251
4326539
2499600
9125534
1618307
2689002
1305173
2448542
420
401679
420
6414855
479266
8418606
639125
1248206
8020729
420
420
966515
1899902
205994
8337569
8393535
5760723
4804082
2173573
2435718
6136105
2933782
6698456
8122432
9096763
6585440
3737823
420
509104
8725721
3562668
2599022
420
8564822
8652577
7143799
6503026
5339478
9571119
4126251
6779080
5907431
8927521
2995102
420
3096093
7892563
8002506
9329869
1418231
8547638
420
6926021
6141302
6682988
5661088
6574877
420
7529694
983405
420
72447
6792273
9144823
7204992
5047526
1845556
7235801
420
420
2213554
9391911
3412393
861916
3411963
1230101
420
8780618
458097
634789
420
5063189
5614531
2858463
2563899
8995256
7985108
8869164
7783649
7370894
420
3307755
990089
7381608
60183
6791108
3205997
9257674
4071272
7836341
8431631
863934
2365075
5075538
9820880
1423080
5066331
420
9264668
5811106
2635513
420
420
3273042
420
420
1164607
420
420
4446834
420
420
4276239
420
2409822
8529190
2368094
7940081
8964695
734768
9166301
5785043
5874218
420
1693912
9870700
420
7309881
420
420
7565867
4574133
5333915
3202292
3845357
9738412
6180983
420
8054471
6238764
7295648
5105193
420
420
6332721
514456
8777303
9318491
1675171
2463048
9656209
2647686
2590425
4013017
4531010
7056583
4169380
7259988
1132587
9239401
6944247
1343401
7476498
765439
163075
9055865
6618798
674990
420
5174718
6003361
4058280
3957296
3144267
8624748
245522
7520647
7306078
8016626
302373
8595911
3979477
4826527
2473881
420
650924
420
4337094
5195505
3022375
174035
2112937
2395097
620102
2972433
2178350
420
4044833
6430108
3120371
9893836
9205678
688027
1052794
1043620
8160180
420
420
4987937
3270216
8305199
3976349
8396754
5687606
1792504
4048974
5467244
3964688
6334519
676171
395135
6794691
3865297
8167333
8540928
2563438
3940766
6036911
4233195
420
420
4951842
5814516
5750451
2935836
7092545
7609455
223884
420
420
5424622
8393502
1850109
3984578
6884255
9976945
420
2047470
1234649
7355176
420
1261370
591722
4163844
3738731
420
420
6464331
7779479
420
8517770
3933444
420
9507886
2272994
5074570
1748787
9539701
1795246
3709704
284458
30544
420
3009950
420
420
1758629
3849226
5502772
420
420
8015201
420
420
8328186
3894420
9077273
5185451
420
6322978
7205143
4536127
4713538
420
3713861
5206530
4295192
7697334
420
9496922
1884834
7767868
7845013
767616
420
6940727
624738
9799891
4684103
420
7233066
8405357
3418434
4737126
8153055
4654253
4546391
9661580
7033658
764102
3138589
420
1885710
420
2051414
3053867
420
5447054
7250034
7792446
5132784
2998097
2917583
5990325
8791687
8048595
2345830
837104
9357330
420
7411993
487146
1100402
420
1749536
4695794
4618836
2185312
420
6039472
6317119
7851573
55808
3567718
7265843
4603092
3001488
9594146
4441099
9737602
420
5683218
6064715
2369357
6052282
9413006
8553478
420
128646
949348
420
1069948
9518877
859096
866442
1374651
6006201
8337922
2242725
7823450
4589138
3199948
8948554
3572538
1787830
5026320
420
9303592
9763933
2342322
8930271
1710248
420
327072
5073274
8843394
600173
4916324
699240
779155
398364
1242719
6922328
8487881
1071837
7991458
9273149
420
9624894
1874494
4132737
568466
8964787
5694373
1323656
420
7472086
1598217
6584457
5199980
420
5601059
3107359
8083419
3278167
6056483
420
9065289
9914292
8081898
3498402
462835
420
2850132
420
4183896
6438724
2249237
6325248
420
420
420
4980808
420
9338127
1684941
408602
811764
9111826
420
420
420
1266342
1399866
2684861
420
3212248
6271866
1386420
1470198
7339237
6483784
7148411
4342390
7003546
2575857
1071575
5334639
597151
8107979
9784443
8990022
1065577
420
3360453
4603162
4029058
6122548
7130297
420
4711632
262547
420
420
5836812
2055099
420
2440713
8798936
420
1908730
420
420
420
9232881
8182713
3351706
8693260
2921262
2751116
1126132
8634598
2019935
2169006
9843901
7862987
4032555
4699387
8006766
4221115
1482661
954339
2654617
7262063
9098237
2182059
420
4275353
3221228
8334016
8391163
4475248
5763508
3985572
420
2514729
420
4204237
4236407
4624608
6505378
4366275
30342
904419
420
5336319
9561650
9432157
1553824
420
4034448
446185
9103628
6209870
9494717
420
2698718
109347
420
6933193
2470112
7493267
3574339
6016648
420
2183059
19404
420
9026914
4117956
5403371
4046635
8880298
9460502
420
3647607
1417151
6638743
420
420
420
3462205
2124865
5108831
258359
3259232
2968296
3073742
6972636
420
420
6502604
7232128
2812522
3192938
997479
7447950
7339428
420
795907
4594921
420
5646281
6346796
101225
8298172
64194
6585384
2005778
1046922
420
3211416
450939
7250893
6912487
5842942
9769105
2416035
420
420
8813728
8399576
90643
4857105
420
6751209
420
6176712
8329893
420
397048
4020179
9069185
420
1765584
9627980
7525720
5903440
1702395
2701830
3120472
3027260
616492
420
2071445
2270274
6195279
420
6099395
9478355
9893927
9331190
420
420
246343
8081368
5783395
2250536
2858504
8386849
420
6508889
420
4280029
1337199
1455250
3162905
1908048
7717336
2834001
5295227
420
420
5311555
5044821
6088199
420
5467097
7221404
9409408
6591370
420
6085614
1905921
4310440
7921133
675212
5381531
4765169
9276193
4621782
3126297
1881049
8143869
7170121
7285669
1880841
2571924
1034450
9411750
5749495
566838
420
6191061
9930981
7839475
8050010
4863822
7736930
6657448
420
5249089
8060118
868530
9169878
1297750
420
4021136
5578417
2442092
2778878
6702185
4084972
6967681
6043944
420
4210513
5551860
2942164
420
420
420
701223
420
9229656
1843281
3218076
4457835
9074414
8622922
9275869
9660068
420
6917004
1778154
5452548
4581435
8466178
1832366
9213506
6465162
938071
420
6324780
9283533
6336513
4340459
2159622
5881291
1894301
420
2455307
1168798
7173727
7795888
3784356
420
6574508
7306032
5579142
420
8117353
420
1104790
7659013
5599483
848079
6250008
6881793
6314609
6532272
420
420
4265304
5154997
321503
1537651
9533347
2017467
7551208
420
2255777
2175222
838474
3144456
4205541
6271875
6086144
3975325
4811683
9877531
4884347
9423322
8165663
1900594
1487987
4423678
2503837
420
804858
6934554
80013
6629380
420
420
9122967
8989612
4929338
2761262
7207601
420
1247930
2630984
5337370
420
1884879
5859518
8011428
7192143
420
420
420
1554578
2648412
420
420
462520
7389828
420
5097155
420
420
1208904
8420274
1114262
844442
1673786
7976224
5515434
9237370
3601563
420
1286234
420
420
977659
874704
420
7005957
1129814
6165176
2022957
1994756
5334901
420
8560947
9533725
7000567
373623
420
6296767
5485012
4543080
8614337
7024694
2534691
6832917
420
7879234
8992404
420
420
5930262
6195402
4951238
7593420
3380523
7265971
9605633
280240
640661
420
6536732
6451883
3444575
2023674
889447
420
9242268
11753
5096993
9685218
7741496
7689464
1179091
1013346
525376
3533145
7370051
4740405
420
5342372
226548
420
420
4675972
7717922
4099718
9061949
2650607
420
1543814
3222014
420
420
5644587
6696172
6742606
4365681
5291223
420
4463010
6844603
5209663
2169741
420
420
420
6003234
4717255
2116065
3805780
420
8872682
5886597
7285747
2757439
1322047
9677845
913977
8555796
420
9398960
420
8449151
420
6751736
6467772
4044821
447079
2844964
9523472
6012944
4346463
570950
659955
420
4713417
4287138
2403142
420
6007235
2729930
5462657
7888879
4770394
420
1889012
420
4891742
9262897
1268741
7550881
4655940
4751416
1934984
4482809
420
1827837
420
235711
9919276
420
975237
5639266
2183607
2337943
1126549
1540216
751504
1144021
1546745
6920095
3167249
2045229
2613524
2550561
4886936
3114182
825930
4248594
883224
6066006
2449001
7114760
304732
8587110
4458908
5052726
218331
420
3530049
8137949
6769937
535592
2458264
1696503
6303688
420
4822797
9028441
7442616
1096319
189426
1876979
420
420
6379505
1389164
1833780
7213621
1637346
420
420
2926753
4859585
1607903
4910014
1031164
6081419
5812401
2589912
9483597
7959655
420
4685001
9905249
2205562
6049728
404890
6914466
3489455
174122
6950655
9218093
420
6200010
1442077
5170627
420
5245208
7600655
420
420
7347137
4705171
4720188
4378990
9976662
9005973
420
8683948
9457928
893942
6751389
971500
2125703
2714641
5902712
5094520
8926026
420
420
662335
1947263
1789621
3695580
7256182
4506
8665003
2394821
9882370
4609010
420
420
4456071
5427850
1893938
8916514
2819265
7087030
1148429
8170419
420
2922924
135655
9088565
420
420
587768
7161689
420
194923
9935696
2285830
9164633
2011170
8914887
4306660
420
2400325
9847844
2404737
8003241
420
420
5512904
5542593
2726761
9999509
420
7626016
4202222
420
2400618
420
2821790
4986201
4189721
420
7659677
482535
7797596
6910529
420
9023669
5331539
420
2530223
6260964
9979781
4799857
5629853
2321912
9473608
6754665
7119651
420
411591
1206457
6468783
4825036
420
5367794
9505789
2601943
2525951
420
2447024
9402623
5362424
9052604
420
5489006
7527341
7510123
5675616
420
2068228
3115340
92110
1012923
1583675
5749934
5988133
6818768
5034110
4625387
3497276
3450999
9014592
420
2515923
1561118
3368186
3471589
3618615
420
4358540
4502764
420
420
5642645
2128566
7441855
6065734
7869590
420
4209998
420
6504586
1528032
1104984
9712391
420
1666758
2514265
420
1386343
420
5128050
420
7193654
5826265
3822535
2289964
2587261
420
9009497
420
2450279
4247479
7470449
2320304
3363699
6207661
420
420
8462387
6511940
3895602
3816326
420
3864187
4479967
420
98686
46026
4373350
9518496
1953202
1573822
2190631
3654052
3270449
5770309
9714656
4252178
1892534
7712393
7212492
7168550
3411565
2558478
5961186
420
9307390
9254880
420
420
420
5004384
420
3929859
3418796
420
5549025
420
9030601
420
8174559
420
420
420
1858083
420
1452059
2707012
9216203
4416296
5544362
7773136
9837514
420
8887143
420
3545450
2094393
1152096
420
420
3269487
5310895
8896915
6331743
420
420
8882006
420
420
3529481
3587933
9973542
3238957
3259159
4542749
420
5384687
1968881
420
6407661
3405699
3784943
420
1964005
6499090
1200
3188904
9407897
4231530
9356041
420
8962393
3513438
2426651
605239
6381534
420
420
8467170
8015472
6724607
7195459
420
8734537
3319189
420
1322357
1282165
420
5729955
3734565
420
6037902
1771152
425022
4532914
5900737
3288355
738158
2704435
6485657
3847700
8177882
1021499
2488908
3401108
2535979
9000905
420
3449190
3596862
7432624
1097998
753443
4348679
420
3116587
420
5360225
9642886
420
3107895
420
9521482
1590588
3608428
2556809
7083835
420
6984874
420
6482202
3559565
7082631
2944262
5599689
3314200
527315
8137699
3466870
5358108
9259313
420
6782938
735591
420
420
7153097
3289171
420
5495582
1399997
4813575
5723338
6050090
2257590
9665801
7111863
1239136
420
2170838
9601234
420
420
7412444
8714045
7946878
2766892
420
9715965
6870150
6829936
7551904
8297062
8025072
2203045
1283436
420
3138589
5545385
7357686
7521045
4927609
6494509
3516832
4928474
4861329
4722041
8046091
1050102
2502019
9345006
420
7414364
420
420
5551346
1996067
7942953
3544364
420
1859934
2464163
2082264
2566241
4433277
852415
420
2075132
513214
3417158
6715731
3277677
9400493
420
3486750
9977098
6274594
3649409
3724601
8673622
9500716
8832748
1421789
420
2574679
420
5606144
251384
6891277
1953615
4748249
420
2800473
6181205
6385738
4103202
8891763
4951744
7442770
8331879
5335212
5072299
3657542
4254023
9054907
5548259
6886880
24452
3827995
420
1969294
420
2663006
2005903
2176526
3960494
420
3277939
2403363
1303562
842427
7436399
420
1846437
813683
5485662
3710255
9479388
4257417
1840108
420
9240116
4782410
7850178
420
8959255
1263281
8772893
420
9186068
9207008
6441323
6687087
3375053
7072958
420
7560829
420
9543200
690394
4396396
420
7127007
420
3215737
9043673
365318
9865723
420
5689921
1881099
9062771
6882053
5993166
1163446
1580215
420
420
420
5091756
420
2783189
496727
420
7404848
4399320
4189476
7709250
1470029
5940225
420
303355
6229323
124369
5326254
4516809
420
6541262
420
7543054
4232686
420
5455602
8243351
2498193
6745893
4959749
925435
7606082
9872413
420
420
6702375
9903304
2999166
8373806
420
2231167
3943867
7362922
420
5711093
6500252
8339479
3332282
8873097
420
7167851
933881
5726239
6938128
4406076
3488391
420
7795346
1213741
229173
7081128
420
8089432
4758658
5983386
4963428
6659949
420
2721804
4260781
420
2665280
3075763
1541337
228976
420
6267202
8084991
9655791
1212121
1220984
3884021
9562574
1905983
5873266
6733563
3999558
8647003
673464
966195
420
3024580
420
420
9986281
1766894
9781377
415647
1299876
8357691
9320295
9917269
4694241
84697
9490379
7797885
7069914
3766542
2644835
7652043
545978
4376348
5376494
975529
8137783
2401867
6571003
7165351
6466251
6745455
9461682
827301
4371998
1576110
9621316
4988343
5164689
7878553
8004948
420
2666347
5438546
420
3838601
2213249
4806394
6900000
420
8115401
8214379
5012624
4140310
3867043
8878299
3551453
6344209
1448701
420
8716214
7295381
420
1714238
6693952
420
420
420
4336950
420
6199363
420
8510601
3021336
420
5103000
9757185
420
687802
8464681
420
8468619
420
420
9628203
2083369
420
3970449
7583470
3436926
725772
1219868
420
3325686
9092794
2923632
4979054
3343213
420
982270
4554716
420
6867865
420
6624909
9401472
2070118
7784898
420
5460318
8820632
420
8892503
3252470
824814
1524158
4264544
2136019
3258167
1171512
420
4062196
744840
7202885
472875
9323912
420
7501011
6143590
2433920
420
420
104293
5212540
6716379
6738178
9317254
6082055
8336069
4524196
2201925
420
2216396
7828182
3550635
2454758
420
420
2805660
420
420
1990176
7265539
555212
420
8583507
3822761
2641229
5384595
2624381
7362109
7326487
4855167
6997719
588107
420
420
1802317
7776599
2656456
5475925
420
6173055
4256141
1024392
420
3377548
420
8808146
5863632
1284196
5900861
8516673
1682688
420
420
5851411
420
6949402
655737
326730
1742132
420
801124
420
1311730
420
3997350
420
8511815
2404736
2860950
4225978
3433305
420
420
9772099
9501479
5119860
420
8152093
420
420
4872900
7131963
5193076
420
6533054
420
8668412
4379413
7476348
420
9690619
3778977
3333413
6710517
1589096
630176
7358915
420
420
420
4799461
420
2631472
420
4202317
3493979
5288055
8340074
3524424
1923302
420
8939508
2732084
4343782
8479647
605584
6382015
965530
4079401
7491207
1411894
8679418
420
9228376
7779570
6288660
5982261
420
4911771
420
7863038
4798473
2695781
4237657
8505906
5291998
2749223
4527280
6885494
718405
4226223
879732
8801010
1791020
1302078
420
3505486
420
4887700
9563107
5053670
420
442526
1583851
420
420
8554463
4777541
4081783
1652054
420
495940
420
5174332
5522270
5702543
9962639
7548566
9776458
6714894
7162637
2755941
4540472
420
420
6860215
6903570
9524438
420
7125175
9589081
3221552
420
9366873
3548710
5377277
420
420
4399393
9113826
5673861
5330981
223777
1055406
420
420
420
6739411
517182
4375783
6717402
973853
3330829
5094294
2768848
3765879
49546
420
6996257
420
3790633
5420889
420
37868
3017275
9550174
420
420
420
7815288
4134300
420
7800561
4423076
7518938
4951854
753295
1318302
2954690
472480
420
3966523
7972945
9131038
1471881
120164
420
3404987
420
257933
1062493
420
420
8543580
5724205
7561346
1892647
420
215129
420
5446639
6879222
5427889
7651055
8474413
9743183
420
4400738
3497318
6655247
354844
420
641707
420
899286
8707618
1421352
420
8748663
2118802
5357959
8928665
5645315
2439844
3487039
420
6781560
4375855
9778824
2637944
18395
7780320
1904735
9582488
8137702
420
8396710
7934146
2536414
970140
8338710
9746112
420
8064761
2582088
420
420
1688799
420
5542304
9586842
2072765
420
420
4757029
2737781
5930493
359691
2438584
2622519
420
5927231
420
420
420
2331073
420
7150747
5869232
3640944
420
5125357
420
7713429
1521375
420
420
420
5570163
6469675
8193448
2909300
2429929
420
420
2094824
7288164
8306094
420
7360716
8602445
4507243
2483229
4569119
8369101
1123697
8496755
6970773
6240181
721171
420
1127053
8403751
7032125
2459817
7883875
2635962
5672484
1728466
6436109
2830659
3751491
420
6099058
420
6163352
2174998
9624130
1247414
420
2270144
7357049
6728694
6077196
7643949
5103973
1429488
9007114
2710745
420
8569202
345393
6739639
9642572
5685334
420
420
3111966
420
6187930
420
3209330
4751176
420
6968307
420
9849039
9979867
8414549
9114544
7444716
5784041
9474089
9953500
828666
420
3980747
420
1038843
6962487
420
8717361
2846072
166553
420
420
3210436
420
420
9584977
6338222
5822340
5246813
420
1580881
5092626
7722146
2339371
3132322
8210632
7274679
420
420
420
9086875
8276071
1959276
8248463
210585
420
6535938
9526373
3364284
420
2214034
8951146
5787229
3552929
420
7173633
5670172
420
7030963
420
8294625
1122938
8689178
9509041
420
558689
1481712
8733419
8362005
4033329
6790519
1376457
826489
344142
420
3752305
7492856
4966371
3527077
2233969
4021012
1708818
6096385
5097198
963865
7016424
5295842
420
1231185
9476269
1837460
9008526
8171927
7187987
2015699
9489881
420
3290473
420
9716825
4204071
9229322
1099164
9848200
3396545
9401172
5510365
9115668
6943587
9853814
9891459
8884589
420
3991359
7128589
1610740
420
4339204
5385020
3698359
420
3241398
3845331
7472546
6430261
5457914
8193505
5503093
420
3993292
6434932
420
7968744
559150
4007142
5043112
420
1938179
9180678
9448257
3276411
6952650
420
586351
2342146
7088694
420
4548579
2116467
3140153
3541200
1664723
2505007
4698963
420
8421174
3198178
9434911
2860289
420
7824368
8676568
420
2456334
4003910
9254505
8359050
7743094
8519599
895430
937756
2082356
3420161
5631609
7324193
5223413
4189170
6038717
609731
8621259
2756203
7071949
9152395
7930024
511349
420
420
2815091
7439294
420
420
3233717
1660420
1515197
9004421
4530344
7498354
1845793
5044824
1093392
9006065
4235621
1497557
72366
7049900
5115520
5441686
8067430
4158985
2384222
420
420
6652176
420
420
2085792
4687314
9238960
6405309
9470093
3115301
424595
9103788
420
420
843190
420
4904582
8313137
420
8768018
3527973
4351151
420
1847544
5070963
1951561
420
2842578
9908075
8245081
6880071
420
8744520
420
697744
7608669
3679781
1269503
1414209
1567374
1073334
420
420
7529041
420
420
2315158
5624313
988256
4694896
6596552
7226421
3543478
6193236
7817561
3093061
4652357
420
420
3954132
8054535
5049534
4934628
7931787
5776059
5345706
420
1331294
420
2757445
8261689
7207629
8292515
420
9639846
4650508
4027383
4623691
420
420
770792
1464029
9962613
3781829
2660450
5129868
619292
2484644
1024197
5803637
7694814
5044265
5058210
420
1604936
420
8039747
8716259
6479967
1688932
2120051
6382189
5688222
8255582
11114
9655705
420
2845270
2519674
420
420
420
9015608
420
5381927
4093818
6082367
3030328
7012535
3828199
3487365
420
762060
5676877
699864
7413210
3206757
2298980
9224548
874421
8109090
5376294
14351
9289234
9565615
2557099
237525
1812406
420
2750471
9329337
8809346
8102869
4454450
7770647
7260972
3591179
8513167
1028781
4424416
420
2472103
4542448
3393701
6496227
1115123
420
2909559
1907093
660906
4174665
6396659
2966152
9172955
8657047
5589448
1023653
420
420
420
619675
9665327
1405329
3461231
6789881
420
9614667
420
7031627
5788374
2426469
6411551
420
3504471
9926691
7599837
5208706
3714967
9335941
6816204
420
2833169
420
420
1911927
4147044
420
3585638
4198820
2636848
7319334
1010915
420
9531563
2203703
420
4330557
5258125
5607956
8720916
8856000
8662948
420
9092814
1379983
7120814
3406559
5724897
420
5263805
3279616
6458424
2817340
7131799
9109696
1048556
8066276
33190
420
289198
420
420
420
9522354
3961384
420
7479214
498501
2105489
4058235
3456545
1024621
9336791
444775
6699465
7244345
4220085
6276816
2472755
421173
4384497
3458186
5476578
5508704
8163208
6663960
3633530
729803
3593056
2308574
4647784
3203858
541948
4597420
6418063
420
3613625
4223558
1436796
8628486
420
420
3455376
4987582
9737070
8034779
6754863
420
2445821
420
6021989
420
420
6068863
9360697
3661974
9833567
7005371
4705449
4708197
3252285
420
6566405
5894549
4812183
3576817
2585543
5750266
4310860
7771369
1831115
420
420
8923736
1769349
420
2352837
7347606
2246669
8350184
8424364
3824421
9282342
7813738
4125244
5765835
4195701
420
2369714
460823
748372
514142
4446046
3639119
2393916
5644160
2511275
2342538
8849134
420
8266290
3542710
3146305
4538695
3774481
5174530
3021948
6474944
466032
916333
4855086
9261060
6356453
5264774
3831611
420
2516754
8608071
8711595
7379601
8108639
12932
757983
2461847
4040854
9265099
420
8721188
1658372
420
2836504
420
420
420
7018666
420
7899594
4352414
8341675
1189777
8839716
958007
771149
6910912
9593847
7850733
3787445
474384
420
420
6937014
420
7707780
4144003
4381550
755202
9395652
420
297681
1539298
420
420
2712633
2015456
5903010
9977571
817351
4126125
7881641
6775792
1649862
420
420
5635228
2904486
9486487
9378075
2146353
420
420
9885418
7484854
6765342
836062
9460311
420
4022053
420
5181307
7519758
420
8553655
8680959
420
2593826
8567534
6532481
4303778
6640609
1646012
8157871
420
420
420
5312861
5081632
2486443
140608
5374751
5391763
420
7102797
7555754
4697056
9521863
420
7151898
3073563
8039898
2522711
9231707
5247633
5155862
2440507
1201510
9232875
5080211
9037300
1327437
420
420
8812029
679379
4005665
2577173
7540450
7355677
4186155
420
7423718
4200057
6383516
5050870
9864726
5833500
420
4034539
7502893
5808325
420
3534911
8260051
3702315
2277970
420
3152243
6429257
6316188
434735
7957990
7292499
420
9070489
2597151
420
5444382
2268791
1916218
420
2775522
9984355
6356839
3238771
9976414
6876146
9348143
420
6524154
420
3979606
1424296
8922272
4179287
4377652
5825263
5321077
1915879
420
4117896
420
3917718
6900202
712386
1186031
5214184
1917581
9186894
420
55329
2111483
2403999
9678106
1879239
4573436
1440634
3044156
7344171
2973736
5618603
6770409
5441568
4892195
7006714
344055
2819376
3907682
3705688
533832
7658082
8859567
2070957
7752035
7296300
6581871
7129036
420
7970959
5869209
5095790
3740763
5263761
420
3760254
3505116
8862909
2263844
8803312
4050834
5908339
3536033
5746896
2899105
4283229
5608061
167444
35735
4889396
4247484
5395787
420
420
420
2761672
420
4193698
420
420
2372248
9218034
5004491
8469693
228441
2197806
1984973
5790225
5169314
119481
420
4409211
420
9590729
7643032
4398220
624481
7701550
2488080
8718777
6436995
1707234
5830126
5143218
2740259
420
5870231
420
420
9078209
7557625
420
420
2751337
2727162
3776736
9961835
5166419
3221820
420
8840599
5089416
9729943
207921
6896895
4996863
3706699
7098603
5870047
5733565
6897470
420
8992287
6513543
5968506
5961662
9093668
5816727
3147967
7184382
420
2698295
6001676
6409988
7620626
3191393
1199515
6185094
4159464
7668639
6484830
1525617
420
1131274
5793961
5196054
420
6218935
420
2985203
673015
5918444
5684398
427411
7325163
1274967
3877188
6290808
4861022
420
4234707
420
6801979
3915313
3411233
420
2908502
3112642
420
5031750
3597608
599852
3918361
7958330
3766858
7401102
2425661
420
608046
6247386
2404474
165647
7979967
6463886
236575
8133
9140826
7847442
2425574
8882734
4486360
5221316
5331865
7442403
9407550
420
4417546
515447
3740588
6680409
8899274
738427
7276562
6511911
2165845
8916460
9360965
420
8110808
3327789
9730066
9396351
8475163
8847321
9293663
4956207
9071854
8722625
4263311
8595276
9009082
9236167
9247917
420
2857753
5864581
5213257
6439104
4754904
3512144
1599215
3406515
6929855
4379682
4408555
2629829
8978921
1248924
9742219
8809223
928833
4616613
420
8367723
4126440
5958157
420
113834
3365092
4885701
2705285
6898593
420
3178974
420
5369491
420
5406860
3031689
2470825
9630481
8868236
5661074
5621383
947484
6966541
2704327
420
9370282
5101391
912972
34213
7791917
9345073
420
3893328
7631162
671504
420
3073627
420
9205996
420
8070938
3978057
420
420
4722891
420
1187532
9095409
3313552
5435921
9829858
2560638
2119967
8957710
891596
8238815
420
835270
9517010
5418443
8365273
5345571
4554833
3594140
8217159
4533629
4985027
8786016
5446610
5993703
7807314
3257253
420
420
988518
7403759
2856782
2640785
420
569287
5462179
420
420
554855
6430886
3592208
724787
7088339
2035407
8751184
420
5450388
420
1051715
2051131
6045570
903023
2048091
420
2845869
4051787
420
5750257
5748876
8772385
1734404
2671820
7190571
3133393
1670028
8975036
7292595
7412002
1723407
2795153
8254001
9998923
7555095
1788014
3821037
781048
420
420
420
420
807354
1716016
420
3677933
420
8832462
5471636
1297348
8750531
6247437
4343300
688658
3964764
9946895
5037189
4976061
4273925
2734914
6631927
4853129
851921
1949823
3415920
6415971
2053169
3365910
3602506
7983389
420
224438
953412
420
717551
210812
6369218
420
792750
4709591
420
420
5096574
6648770
420
5105890
4611579
3736722
5328822
1403660
1313401
7566120
3380056
221861
7603270
6307084
6984555
5326293
9608814
420
7841775
3189437
8521204
240827
92275
6953954
3621685
2615904
1643160
8791575
3669117
1958380
7038404
7575492
3239451
5020428
3211969
420
8599588
3236464
6387589
9277738
6889452
2748581
7158224
420
7351028
420
2561587
420
3259227
420
2099821
420
9899476
7155574
2529915
3822598
1270818
2437638
1252066
8153743