7598267
420
3593211
2031413
4683563
420
840882
420
4390216
420
9609412
6991841
3376039
2820849
420
420
6633944
420
3499591
420
295639
420
3177732
420
5696033
2439769
420
420
420
420
420
4403835
7896391
420
5341333
7169724
420
420
420
8552119
420
3439373
9228860
420
3317333
2912977
420
420
420
1551544
420
420
420
420
420
420
420
4302333
4889242
316155
2802163
8883961
3939694
7079292
420
1573541
420
420
7862257
420
420
9021083
7746260
420
5468892
420
2950631
420
420
4325258
1097027
7862884
4545741
1474909
7640640
420
420
3398405
420
420
420
420
8541459
420
4753936
1548156
600250
420
5151767
954815
7384560
1484576
2581528
4452312
8566944
6078528
7286652
7634041
6131325
1846142
907746
420
5962440
420
420
420
420
9070519
9000086
4085799
420
5241423
420
1890458
4134755
4952920
420
2427405
8339951
7011536
420
420
420
3762604
2761748
5593053
4129187
797372
420
420
6512738
4960588
420
3852318
5031876
1621785
1724432
420
5344698
420
885614
2357478
2854141
6322588
6570936
3655860
9981678
8493404
9275596
420
2544295
420
9614550
420
420
6083515
420
120090
4829714
420
1091777
1919990
8491435
420
3383745
2014692
237662
3754555
5724961
2166603
6459716
420
8392880
420
8353307
359198
420
420
5742211
2262758
8487051
3064593
1365775
420
420
1736424
9179914
420
420
420
420
6005373
420
420
1397091
936149
420
3565190
420
420
420
420
9403883
420
2006250
420
3283391
7259066
2018311
420
4552829
5111526
598774
3514741
4466678
9620138
420
7972086
420
5677694
2601878
420
420
4703275
1429866
2732822
2046438
9387271
420
2276579
862963
8900134
420
581826
420
2220758
420
2449288
147937
1387722
420
6312941
228165
6954701
420
420
2511766
420
489240
9348811
5168200
420
9911639
420
8216024
1136789
420
7873215
4094358
9616967
420
1043826
420
420
9571831
5616711
5732485
4064227
420
420
420
6943182
9158735
420
9241753
1519198
3390926
3452917
5672544
1045461
7589206
4295074
8047865
698014
8116005
4214901
8958407
1026936
812258
420
555719
1519904
995233
9930425
5365416
420
420
9310206
4082790
1271958
6544552
2009028
420
1985687
7564639
3031790
420
7002904
944791
420
420
420
925129
7669957
164927
2066989
7590269
6204515
420
6844807
8432376
2447364
4059589
420
1228312
4939045
420
420
420
1729206
420
420
420
2823943
4054672
420
420
4455513
5479347
420
1703732
6922466
3482957
4417745
6998510
420
9892989
9138324
420
420
420
9337944
9248286
420
420
1450803
8471272
7797598
420
1736256
420
6659626
6094383
420
420
684345
420
4267199
420
6568903
420
8702315
420
420
1994360
5838514
4396271
2329579
466728
5507902
420
4060598
8345518
9899705
420
9007452
2476123
9653509
420
420
4887829
420
420
2831629
1443067
420
8819829
9717957
420
5049406
5226031
5178532
420
2429385
1792845
8379468
4004265
5433379
420
420
420
8673836
1912141
7053041
420
420
9551309
5523871
5394133
827802
420
6691565
634498
9294459
420
3812806
8606764
420
6204086
63791
9813168
420
4703598
1047214
7454829
5037307
8309750
420
420
420
420
420
420
4008643
420
420
6146412
4723003
420
8944740
8080714
420
417815
420
420
1722895
420
9990808
420
2198109
9912074
4124791
420
7681944
4713017
420
7720159
420
9651846
4941470
420
3620253
420
420
7311689
7007906
420
9808629
420
420
420
6429610
331381
4607467
420
2595050
85631
420
276403
420
6835905
420
420
5430303
420
420
420
3016148
420
7364198
7370897
6113808
9807217
5601702
1525309
7799616
420
420
420
4032477
4758912
1179087
5137624
420
7407956
4442226
420
420
4287519
420
420
825584
9030756
420
420
5637487
4223265
420
420
9327865
420
8922632
2400282
420
420
536947
6426420
7369064
420
4569563
420
2422216
3627155
420
2315177
961274
6766196
5202529
9277710
3113793
420
2135962
2874096
2585494
1577149
17765
1603138
8879061
420
420
4590492
420
1578348
420
420
420
9993014
420
420
8267560
6961303
1181735
5230697
420
4120191
1026197
420
4016714
420
6080091
420
2178889
6377679
420
420
5711979
5250364
420
5974602
420
420
6352367
420
6417414
8330137
420
8987309
1024284
8087209
420
4001697
420
420
7746932
2618492
420
9941160
420
5844392
420
420
420
420
9251792
420
1387721
420
420
662611
1927968
9845204
1295014
420
8900158
2835480
7142318
420
420
6828446
5110371
420
420
5800710
182670
8768802
420
420
5410107
5310399
420
420
420
420
7076224
420
6289655
3914166
2930356
1075458
1787767
420
420
420
7295774
420
420
5806573
3484380
420
420
1885856
7278605
8213393
5038105
9032677
420
9752562
420
420
6444569
420
9963714
7188615
9739582
8043268
6226134
420
1758794
420
6448573
2366704
241796
420
9651690
1996382
1977790
420
3382315
4342704
7323755
5507363
420
420
7389320
7815816
420
420
420
420
6401808
420
8741140
420
9849478
2952382
5515523
7442363
2079187
420
9605647
6752004
420
3961938
88733
5122413
420
8859498
6693788
420
420
2228415
420
6361232
420
6392201
6182959
6877916
420
6306870
420
3851498
420
5200243
420
8975217
9231142
9203956
1103194
8002633
1383539
420
7589510
9895174
9311700
420
4069547
5644740
9576747
4222704
2787604
420
8522771
8626377
420
6922642
6380046
9101716
420
6636930
420
3536329
4750082
420
9453192
420
6096671
7112155
420
420
420
420
2251525
2252543
420
1299816
641962
8790252
7285400
7319024
1260208
3329774
784887
799329
420
420
2969498
420
6408547
420
420
5811501
3195789
420
8092547
2553395
420
420
396781
7455540
441671
420
9082601
420
8795037
420
9730890
2540938
1958218
3602716
420
420
839043
420
2923987
968752
420
553169
3770098
6368069
420
25832
420
420
420
9255503
420
420
420
420
6305122
8595837
420
420
8094038
420
4418351
6124911
420
420
420
2144051
8914344
1615201
7694555
8966935
3902365
420
9526165
1802932
420
9556427
420
1856595
3192937
4956760
2514301
420
420
7731046
420
9394800
8778579
420
3877081
420
5980576
9437024
8176895
420
6542005
9501126
9076410
3919961
420
1499015
420
420
3928521
5004233
3643257
3964485
420
420
420
7341257
420
420
5019905
1681200
4891431
4264995
420
420
9717674
4781211
3478548
5043805
954257
4190957
420
420
420
420
5027680
420
8755221
806148
420
5148380
1055105
6563763
420
420
9969212
420
1211934
9407516
1403866
6463702
8867602
420
61307
420
5394832
420
4771019
7205713
140839
6460906
420
420
1666697
420
1944502
9826553
4812393
3204786
420
4466201
646750
7222596
9363138
8777988
1219507
420
420
1226237
7103450
8325729
420
420
420
9534952
420
420
4214339
420
420
808595
4323051
420
420
875233
420
843088
8820877
9651146
7180744
8375237
7760907
420
5416988
420
420
673172
458573
5085716
6171189
8617183
1468954
7549828
4829698
7532201
1074423
457573
8746405
6827365
669476
5188852
1010223
420
420
2504763
2057306
420
2813537
5560345
420
420
420
9610202
4439838
420
3389077
7524300
420
4976038
420
420
420
7337061
3815937
8657756
3060409
420
420
959100
9029067
420
420
3654386
420
7653615
76019
420
420
9932326
2010424
420
420
5967311
7449722
3527306
4305322
3759664
585212
902200
8997550
5163356
420
420
420
420
420
420
397864
420
420
6911497
420
420
3490251
420
7420298
420
468673
8740867
8587247
420
420
7315029
420
420
7209461
4735285
420
420
420
1052788
420
6220467
5178651
9332514
7164949
420
9422823
420
6957451
420
420
8290953
9223863
7124550
4437339
1539381
420
420
5584087
420
420
7010534
420
9057784
96744
420
420
598958
9023244
4460587
420
7586249
5114255
3435240
536296
6673754
7504153
420
9561396
420
3224801
420
9520500
420
153559
8881207
420
420
5373494
420
3650379
420
420
554114
8962754
4555400
420
420
420
420
6147813
420
7711694
420
5893832
420
5803853
8141596
9664665
5814070
420
8298916
9255361
4859226
9720676
6510035
8662587
8474093
9053577
420
5637857
420
1099675
4456852
420
420
420
420
838082
420
9565007
420
420
6918264
1280443
6326779
420
420
5102884
8934923
8786490
420
5797699
420
420
420
420
420
6981641
270953
7985350
4981528
420
420
420
5487497
420
5507938
2593147
1339062
3413949
8320947
420
3481716
6030218
8055573
420
9157354
5788103
420
4559189
420
420
420
420
4602098
6651268
947394
6801340
545677
420
420
8830788
6602448
420
9536046
420
420
420
6889785
420
5915389
420
420
8016132
6449758
420
7324314
420
3066475
420
5273474
6583733
420
2379419
3608773
805829
420
7198895
420
420
420
420
420
420
420
8980774
4934353
6879121
9454329
420
5179159
3809068
7407376
420
420
554568
7432589
6393005
8821034
3792367
3700047
420
3121549
420
9239646
1274206
1232041
3704077
420
420
2373114
367601
420
8314397
420
420
9884650
420
9571646
420
420
420
3691454
420
420
2868154
420
420
796768
420
9360100
5019251
420
4571272
420
3187494
420
3194941
1841979
420
420
5668900
420
3562827
420
420
868709
420
420
5920129
8491255
420
7316578
1291302
420
420
420
420
859420
6975989
420
6010902
7019522
9080626
3722696
3405160
7371112
420
420
420
420
420
420
420
671655
420
4716657
422466
4034921
4194530
9418559
5285801
4706821
455433
5098250
4717885
420
6669464
3557760
1767526
420
420
2887204
420
420
420
420
485424
3418042
420
420
743221
420
420
2106553
6272672
7670095
420
6549113
1901563
106586
4176736
9246149
7176037
420
3262728
420
6512715
420
420
4186991
420
420
420
2632360
6053792
420
3407460
420
570652
420
2953846
3144604
9045675
420
602800
420
2594532
7170233
420
420
420
420
4890369
4240086
420
420
8252492
8350375
6136573
2594274
3085996
420
4536644
6079584
2797276
420
420
7125569
7974483
420
9398042
1138050
8191342
624515
6072242
848855
420
4687831
4571456
4933890
4403359
3595955
886555
5781504
420
3202083
4273072
420
420
7106991
2518694
420
118928
420
9413810
420
259982
6930707
2419469
948656
420
420
7455024
9319721
420
420
420
668905
9346676
420
420
420
3400369
2614544
420
1914871
420
9427164
1464886
7168383
4815678
6631433
420
420
3091849
420
1436658
153290
420
420
8434004
3251733
4024032
420
4298260
420
296461
116614
420
1976238
5206842
3112515
446548
420
420
420
6487875
420
1783919
420
924413
548977
420
420
1291881
4108836
420
5923690
420
420
320956
420
6622756
1863567
420
6538688
1669045
6957295
344150
375116
455443
4697085
420
5900780
4257793
4357352
420
9862366
6361849
420
420
8215306
4086414
420
420
1736842
6338977
420
420
7104583
420
420
4479722
9500812
420
5382797
420
420
9899753
1198972
420
2200007
7456934
2892703
5201887
377486
3465668
660698
7189731
8327301
9542133
2655451
1806177
420
3081854
420
2045144
9259828
420
420
420
1425551
7049407
420
420
420
420
2364592
2244838
265055
8954428
9202270
8107577
420
420
1768978
2820343
420
420
420
9045097
927326
420
4363400
5867689
3945404
1196165
1287281
1055830
8625208
8376929
9774503
420
7525722
5923660
7600232
2243129
8378947
7950235
7718106
420
9528842
8750495
420
420
3579924
8332648
3689106
7920249
420
420
420
420
420
420
6363229
420
1435190
4134708
420
420
420
420
420
7450590
2999847
4968287
8528213
3786053
420
8729475
7835866
420
5176403
420
420
420
420
420
7300394
420
420
7319382
6836880
420
7410855
420
8951072
420
420
420
5415394
2506430
4250117
9315114
4463957
9818031
420
420
4560902
1808304
9784148
8521442
5014878
6129907
420
4529787
9407930
420
6433888
3897867
3731977
420
5730309
4181458
3565362
420
102579
420
2277834
3484366
7590343
5231920
420
5600233
420
420
7446855
420
9441594
420
420
6066055
420
420
9710652
420
420
190007
3640621
7092302
7674510
420
8997721
420
420
9248248
1706526
420
7566558
8123407
420
6850970
420
420
4457287
1889116
420
5401984
9327429
420
420
420
420
420
2832781
1233223
7464068
5497816
420
7290972
1574791
420
2765442
4969722
6917591
979383
2417505
420
420
420
8273597
420
9782044
420
420
3472690
8327027
420
5938288
420
420
8285743
7542317
8174639
420
420
9405334
5315937
420
420
420
420
3291344
420
420
2091005
4455176
420
2034711
420
420
420
420
712235
619915
2094975
5233279
7664325
420
420
420
420
9584207
4402605
8428882
6083317
3932834
420
1590888
6489339
1877979
4486482
1878196
5228351
1394405
4933181
420
420
2305137
420
420
420
5574104
8518305
420
6697477
7687725
6040382
3711899
7696627
391676
3961348
420
4253499
4076927
420
3829969
1692880
9524203
420
3992689
8523098
7287814
420
7065951
8102190
420
4545867
420
420
2658377
5261430
4364630
7022029
420
9120448
420
173357
6428856
420
1062125
6209761
420
1184506
1459758
420
3563526
5278014
420
9122516
1993958
5024803
1962130
420
640726
420
420
4996174
1373693
3965054
1626624
420
1735707
301844
420
8371058
7370446
157648
3054235
1415337
420
2879063
9915888
3341123
9606442
420
5502314
420
420
2627773
420
420
420
420
2198871
5397703
3636819
420
6610223
420
2152637
8629637
355337
420
4128432
3042315
2651251
9291472
420
8274358
420
8167694
5080242
9595430
3376075
420
420
420
8166940
7226910
420
6407936
420
9682452
1653796
2274176
9832278
420
420
351856
1898209
5622049
4955927
51467
4080197
4603760
8066574
420
4376013
3766923
9875070
9833141
420
420
420
9424910
420
4182880
420
420
7410658
420
8949143
7170997
420
2832891
420
420
420
420
4913565
4905095
4864594
9223499
5472279
9542598
420
420
7536945
2711801
4190074
420
5597890
420
420
5048995
4885706
2668116
7530923
7615891
420
4099299
8475946
4818287
420
4226965
420
420
420
2344123
6938315
3002024
4140239
420
7994806
420
8017279
420
420
420
4436651
1682631
5083786
5065696
420
9236851
5542748
1347792
3632005
6712654
420
8494773
3313768
8638294
420
9495808
420
2102733
8569944
420
2573488
420
1005824
420
2993994
5002138
420
420
420
420
420
8907582
3314748
420
420
420
420
6658902
420
7221613
420
750907
420
3045043
420
420
4398516
420
8743927
9002862
420
7571709
5792795
2963179
420
4770771
5094746
420
9809175
420
5442157
3321546
420
420
8269782
2271770
4744376
5382316
420
6738267
420
420
5975297
420
392807
9667631
9015040
420
844289
4235262
2920174
6692465
4994454
1674510
8387962
1192301
1581545
7147138
420
9955870
6856315
420
420
6752541
1419385
1471558
420
8368015
5925862
7214935
420
9083453
7884339
420
420
420
420
420
6686734
420
1350227
420
62521
420
420
8062823
1179568
5004403
420
4212251
7254839
179206
2220348
1137479
420
8113768
1533109
6117838
5079379
420
420
2233440
420
420
420
420
420
420
1594124
5692113
6939453
914699
8297936
2392136
8578223
8036143
420
420
1575954
420
3923290
6252918
3727768
420
420
420
420
2118850
277974
420
3683700
4753193
420
1459261
420
7326982
2642387
420
5792759
1579609
2626841
5562635
420
1026014
420
2127137
6600338
420
420
7366974
420
9411235
6512710
4871543
4131486
651035
3093037
5072855
2520317
420
6871640
389308
420
8492260
6784656
3988294
6043436
6121528
420
420
2805519
420
1663852
420
1207352
420
5146216
8174258
3325696
285708
304296
5677261
8417702
420
420
3350085
5739588
3459755
420
2048751
420
420
420
401267
420
4345405
1816060
1703508
420
3952904
420
420
420
6277746
3578159
9706566
92072
5916879
751939
8497355
420
420
7069425
420
9020688
2242611
1086153
5270778
420
8611385
420
420
420
420
1609244
9557052
420
420
8593240
420
420
3498716
1312105
1545763
7347241
3593838
3871625
312569
420
5154128
4464470
387877
4232544
420
5979985
3163089
7264382
6352921
420
802466
544759
5679217
7019884
420
420
593559
420
2731655
420
420
420
420
1578617
420
795656
9813396
6099030
1539301
9591078
420
420
9866788
420
420
420
8314519
545354
1032744
6674843
5915993
420
7038109
225123
5349541
7440862
1503725
420
3048917
7392232
6999411
478001
420
7515412
6272264
2839884
8551009
1642905
636988
420
8870758
9845302
420
9335500
9070990
420
1918674
3372676
420
4765793
236368
420
3904977
420
6464574
420
7286413
420
4339834
7749126
9636947
9695086
420
420
420
4281188
420
420
3266142
420
1341484
420
420
420
8369711
4498049
3236311
8147508
7055273
7307342
4511239
420
420
420
420
4538211
8126692
7394971
2747594
420
420
5862824
8799626
1242892
420
3172661
9048966
420
5354557
9683965
7028322
5531735
420
420
420
5686482
6370666
6548441
8928645
1939638
2751727
5832186
6054604
7805940
529671
4720564
8833748
9204223
420
6263277
5008098
420
8669375
420
420
7499623
420
9168807
420
420
4959224
1065725
7597957
1554529
2835558
5794305
420
1064893
420
420
420
420
420
9668531
1286445
420
1054343
420
420
420
420
420
7389570
9410521
420
196870
420
2109708
3605143
3725565
1503995
2557087
7322745
420
1216629
4442974
420
420
5228758
420
1243441
6956417
3970016
420
9799972
6016580
420
5800036
4641508
420
420
6199621
554402
420
1654517
420
420
420
6142928
3779053
420
9472164
977364
420
9296613
420
2453265
9955148
420
3385284
3096200
420
5289319
420
5201705
420
420
420
420
420
420
420
6285303
4390054
420
420
420
420
5686293
9672497
420
2797941
420
420
4727278
4337023
420
2526884
420
420
420
897562
420
9033202
3523840
420
1079829
6611409
420
4013012
5519767
6748220
3034448
61512
420
3906459
358891
420
4806291
420
3396407
420
420
420
420
4445445
2022905
4103694
420
420
407692
3065633
5409667
7605886
420
420
420
420
7079805
299362
420
420
420
3922568
8157612
6623276
7637647
8948381
4657349
84659
2822087
420
4646623
9609050
420
5948502
420
7665204
420
1922908
420
8560350
2687868
5780194
420
420
6611834
420
2993474
420
420
1970000
6854737
9373903
1334370
9154235
4427004
420
420
203260
6217343
2066009
420
420
420
9419375
420
420
1395497
7104349
420
420
8134833
4859539
420
3166365
420
6967748
1376788
8988971
589010
1236666
1805807
420
420
420
9675851
8152500
5572508
420
420
1891463
8336487
9518447
2015580
420
9629675
1000788
420
420
420
4195535
420
47129
5488645
420
4844585
4573993
3837089
1911014
201917
420
6949106
420
6330939
420
4522217
420
2274978
420
420
7362413
420
420
3554477
420
420
420
1415051
420
118919
6832428
420
420
420
1254774
420
2107976
9252080
420
2491235
6918564
420
6983618
420
4579330
420
2557505
5172448
8173372
800050
420
420
420
420
6622427
420
420
4983427
553935
5069182
3303587
2878675
5673159
7959646
420
420
420
420
8661692
2358525
5688930
420
2313407
8194644
5051693
1998504
5130581
6376535
9968011
420
6845778
921026
8020821
420
4521237
420
420
1280800
420
253779
7962117
743138
420
8553263
420
1678438
420
420
57016
5948866
420
420
420
420
420
8177874
9035823
156105
5219813
4836072
7677862
9425753
2314677
1844696
2799662
420
3156034
7813893
9558544
2016295
420
420
9725490
420
420
8874475
420
913915
420
157043
420
3922221
2091325
4210763
420
4054381
7336654
4654043
4171770
5426292
1121015
420
7661321
420
7398546
3324629
420
2981496
7599699
420
2627612
4129366
5509496
420
3707736
420
1016574
7864690
420
420
4235071
420
420
1180778
420
5120310
693452
7900749
420
420
6131319
2518458
5199120
420
238192
5166749
3398250
4441767
5927084
420
420
420
2278984
420
420
579518
420
420
3388658
420
420
420
9281532
4048024
420
6865692
1246313
3642650
5963893
420
420
420
7062392
9974527
420
466620
420
1274223
420
8983908
420
420
1250100
7926841
420
420
7440990
5446486
1808168
4178855
420
420
420
420
420
4675257
3114685
7560216
420
4534211
7632216
1482317
6498266
2261637
420
420
8639377
420
6497853
420
7709134
4205581
3443959
5580911
420
8908490
5576692
1771525
1804320
8854505
7845328
420
420
7194448
2040092
420
420
2406930
5599693
420
420
8441293
6410122
7867573
420
7898654
420
3854507
669794
1624286
420
420
5567754
4803812
2938644
1195605
250138
8488333
6308338
420
489998
420
420
8466118
420
420
8509489
420
420
5865185
420
4104304
420
420
420
420
420
4306470
420
420
492104
420
5087980
3378693
9460771
7563105
5887956
420
3108005
420
7081673
9857339
673509
4458435
420
420
420
420
318332
420
420
2688399
5933400
2430644
3272305
8303547
420
6548562
4041486
8136635
420
420
420
5340
9184944
3822078
420
420
9959939
420
420
8928616
9251027
1833548
420
3088888
420
420
7959829
1409088
420
454069
7123129
7663524
6968607
420
420
7173771
9881
420
420
420
3430392
134470
9989457
7348936
4352617
420
5008166
5541035
420
420
6674646
8196316
7964495
2458503
9307534
420
420
420
6036703
420
3795545
3234973
9728480
7907436
4918971
1434098
420
3871871
5637657
420
1093621
701451
420
420
420
354335
691086
4099890
7467778
1412722
1609561
420
8129905
7783224
4389683
420
420
420
1231038
420
420
9028626
420
8987484
420
8443114
2226550
5621463
9619727
5410017
420
7621892
8370936
8268028
8604941
420
420
6820620
6858074
420
420
4742667
4125928
420
268055
420
8769508
3335453
420
420
134942
2341472
848895
6647166
3335417
420
420
420
1620861
5566549
420
6838351
420
7872020
2320874
4732982
420
420
274253
420
420
420
5537437
8359445
5589613
3774582
8836081
7470
420
420
4849805
5557506
420
420
420
420
420
4200202
420
192223
1632075
2120760
420
420
9273250
1025180
685687
4166418
420
7526296
420
7611632
2263923
1941065
420
420
420
9911146
420
420
733336
420
214804
8713891
6815995
420
3519420
420
420
420
872822
5919150
420
420
420
8558387
420
420
420
2323863
7234268
9517261
420
8672519
420
420
7140440
420
4905326
1153708
4528022
6534537
420
5081325
3675327
8454991
4395703
420
420
5306854
3787497
6883988
8701644
3260990
420
1583319
8318267
4658231
2896426
420
5626094
2856369
6623649
420
420
708944
420
420
420
9532765
420
420
3871867
1411329
6415112
5338323
9519542
420
420
6287620
30962
415676
8380748
420
8216413
420
6329254
7147639
420
420
6059909
5806628
420
8552595
420
167230
9567813
1782781
2183457
420
827087
420
7816478
5651742
7792609
420
420
6218106
5768415
342451
3112700
420
1265701
420
1045804
420
6838711
420
6982593
1979009
3797717
921472
420
7365209
1386050
8254504
3863524
420
9062237
8808724
420
420
9057793
7507835
813462
5227510
3292172
420
1177405
2815930
9633921
420
6344807
9930831
5445281
8483465
5147352
5858287
7556303
4816837
8150712
420
420
844017
9822829
1968828
4453030
4184618
9201240
420
5933952
4593915
420
2186018
420
3191579
420
420
6017830
1390027
6820201
5393584
420
24522
420
420
5871569
494139
2260725
5151909
1003273
420
3799662
6152337
420
8946777
4083493
3826656
420
5010907
8711726
3676599
420
4571722
5814301
286416
3132761
3286745
3623577
420
3075701
7050066
376866
420
420
420
3974046
420
420
1800211
7604010
420
1504677
1400485
420
420
6263240
7810969
420
4482044
420
4907797
3247124
420
8241184
5146930
3315355
6105958
420
7860033
420
933585
5610676
6500143
420
420
4222623
3967451
5341573
420
3118523
9336130
420
38728
420
6450254
9263151
9209404
1874753
420
5936844
420
5674740
420
5728977
4388541
2838496
6181601
9147350
420
420
420
420
488635
420
4290185
420
420
2899828
420
420
4977476
8537608
8672044
420
688107
4822567
1382565
6839383
196918
420
8003292
9380142
420
364216
1485523
5095805
4276792
420
7365112
420
3773094
6342552
420
8327818
9218500
420
420
420
6654620
420
420
5239452
8389701
420
6945218
420
420
3676302
5435342
9038280
420
420
420
420
420
4637066
8586928
420
420
420
2416218
2642238
9311362
420
420
8073680
3242597
3216114
420
771623
420
664295
420
5723662
5483096
8942349
420
4444049
7339703
6884475
3609916
4670069
7193318
420
7272819
420
1422873
420
420
7170391
420
6918300
6205980
2440391
7915528
420
420
6477489
4445957
135177
420
420
420
420
8395539
8401937
420
420
420
3881397
3944719
4288809
7102478
420
1906391
3979310
7462863
420
580929
415086
6502380
420
3614199
1556410
9978810
420
420
9226990
1428252
3978001
420
4521865
420
1341847
420
4886642
1191619
6429533
420
5663029
420
8104638
4389537
420
5139896
420
2339063
8953127
420
5252438
420
9870232
8621732
420
3655822
9441980
6802860
5227434
5172239
3538602
1992471
420
7216300
420
1962702
2779448
221917
5342533
4126574
420
420
420
3153059
4371647
2003837
2193322
1309314
6768950
3944263
420
3237880
420
420
420
2263254
2946410
420
4904462
660720
7957280
2685245
104031
7035523
2938211
6758928
420
2605210
420
838900
1705527
5979102
420
420
2832632
7125258
7057170
420
4298503
420
7781468
9878518
1964517
6493377
4965595
7251516
7015906
420
1750973
420
420
420
420
9557107
420
420
2454358
420
2179784
569079
6023112
420
420
6987533
4601951
420
420
1192444
420
420
5462358
420
420
3221734
8536105
420
507309
377301
420
2007793
420
5165520
420
5498283
2266660
420
623739
2005756
8637595
4060173
420
3326643
420
7596204
2936404
4635920
420
420
420
420
420
661894
420
420
420
8061487
420
420
3626004
2921139
420
8013130
5437641
420
420
420
5431331
473122
456345
7556483
9550174
420
8346470
8580944
420
420
4326274
420
178806
420
420
420
6746030
9162126
7168224
420
420
420
1683891
7047574
420
420
420
420
7467416
8792845
4754402
420
6253962
4177030
5269935
1218369
420
6518879
8574525
1806313
420
420
420
420
7655420
420
420
2337262
9201412
6582236
312201
6322378
420
5970291
9296979
4658546
420
7520864
5207751
420
9422888
420
420
8096036
5561123
420
560423
5424976
420
420
3009695
5597668
420
8740796
420
420
420
7239501
420
9265123
420
6719803
4752200
6728039
9649645
2025645
1075461
1009808
5540163
8095602
2282543
3104187
3861873
420
420
130343
5237565
5514104
7911966
420
4650772
8440041
6468475
420
7655539
420
9162845
2369855
7892806
9345294
420
1647636
7248532
4014652
1564182
3187284
420
6601219
6458951
2729516
2854403
4057064
8986819
8857773
6115563
420
420
420
7834116
1545480
420
6246376
420
420
420
9310327
420
8176489
5691579
420
420
6373821
420
532663
420
1230956
5618757
7104967
7752554
420
2936292
420
1597291
4090749
420
4363637
1236993
420
420
7318432
420
1608635
420
6237679
8512298
3440831
8081166
420
420
3538793
420
420
8670112
420
420
420
2087108
420
2170442
420
6625085
5081395
8986388
420
420
420
1687781
420
1424525
420
420
5253705
1000670
7648276
756422
420
8230296
2379847
3484554
420
420
420
420
2351637
6454711
6399892
9006009
7014000
420
562047
420
420
6349927
420
7606108
420
420
1243213
420
7452802
7614710
8516033
4060400
784482
3448374
1369314
420
420
9641156
8607640
420
7520070
4149029
4957089
420
9779316
1267476
882410
1330428
5092763
420
1704628
752695
420
420
420
6142615
6686956
420
420
420
5764546
7648902
1319279
1674664
3474508
7368781
1453258
5716346
420
3892819
1239132
420
420
420
5836784
8863985
420
7865121
7987807
420
7702729
420
9167396
2366304
5235591
420
1401718
5866306
420
7958093
9677738
420
420
5015620
3550348
420
1577953
8019941
8085096
7010114
420
6018930
420
7562990
420
7546081
420
4528260
4664912
9357499
420
6484944
2793346
7353061
56747
5252180
574271
420
420
420
4045120
5837888
4610869
420
191648
3617056
9843350
6377977
1895849
7786363
3317113
420
420
420
8687796
1346082
420
7209777
420
7306276
420
420
8406541
420
5718037
9779383
420
2829357
420
1288407
420
420
8092470
420
420
7039115
2398122
8651836
9976487
6466657
420
4907589
8639799
5485168
7432101
420
8364677
420
4220979
5771739
420
420
7470554
3850034
420
9803390
4470430
420
4193082
420
7799467
9260406
420
420
282028
420
6379203
420
3277718
9675140
420
420
420
4115989
420
5479304
420
8608386
2713388
420
420
3415623
823765
9620577
512101
3301600
420
1958445
3952827
420
9902646
420
420
7525673
420
420
5645659
8703493
3760365
3141591
7609520
420
5985016
9711626
420
9774181
420
701285
5571007
420
6901041
4839015
5023237
4109406
472328
420
420
3075773
885616
8060948
420
2449196
420
2399829
8806287
420
420
1957394
420
4050441
5319433
29778
420
420
420
1747228
420
1127639
420
2019285
2756495
5259279
420
420
420
8604054
3765123
499013
420
1191568
5129054
420
420
513534
9592670
420
420
1990669
299030
420
9256705
420
420
420
5913166
420
420
420
420
6750161
9287548
420
5174420
4677546
420
420
8293012
9162424
420
5388273
420
3714107
420
411909
420
1653792
420
5219109
5968393
420
5609280
2937900
420
4556643
9347481
420
4142029
5926879
2074714
420
8235209
8486980
420
4507268
420
420
4659628
420
3751412
420
1283078
1716536
5075623
4193864
8731155
9579494
4778796
4372334
3393421
420
85245
2564682
7812753
420
1007956
420
420
9361714
4591005
4648443
420
8818470
420
364941
420
8771625
420
6652671
420
542388
420
9607003
3278466
420
420
420
466008
420
420
1804797
420
420
4930940
4794990
420
420
2473917
8787787
8932778
4066666
9699746
1438891
4986838
3584209
420
420
7762052
9977321
420
420
420
1906063
6550223
420
8386614
8519531
6979703
3614625
3041385
9876689
4130947
420
420
420
4999323
9839930
420
420
9927717
420
3694306
420
6700187
4902061
5864408
420
420
420
420
2706614
7287281
517558
2455826
4310627
420
420
6515763
7865000
4940394
420
3892044
9651728
5454422
8882646
420
7479685
420
420
4742096
420
8830395
420
6560312
5103663
497581
8786823
420
5965130
420
3774200
1604640
420
420
420
2879009
3555318
5017212
420
420
420
8874953
6440029
420
3709166
6571452
420
4294701
5412848
420
420
3690176
1609543
5639595
4871010
420
6123196
3248135
420
420
584508
420
420
420
420
5843721
420
7330387
420
420
8712716
6991854
4330028
2337413
420
420
1007270
6831688
420
2524506
5731399
420
8587288
4658249
420
2745593
2128996
420
420
8766183
5217609
8500526
3578362
420
420
1160401
784818
420
420
420
2714674
420
420
5148028
420
5003525
1812480
7336461
6550322
8434104
420
853496
8965863
420
420
4531378
567285
420
7011546
3900330
5627645
1832468
6518587
3640109
6213426
5988046
420
8875198
5529451
420
7107803
420
5699051
420
7877556
3712999
3465796
2636278
9184619
8627796
9924279
5587897
3712048
420
420
8013094
4859232
140367
420
9710624
420
5791012
2149390
3631192
125175
5090624
6978112
6779615
420
420
420
6022719
420
3459039
6818597
420
9315297
893895
420
1477474
420
8861883
420
420
9032875
2863689
420
420
1983365
7524448
9159124
6268154
9466905
9543189
420
420
1300476
252451
4725155
5453043
420
4637053
8009361
8585356
420
5410795
420
6611664
420
420
420
420
8054508
420
420
1882923
8790546
835442
420
420
4405552
420
420
2013029
8163333
6959504
9731910
2359902
9273060
7577517
420
420
2012388
420
420
9120998
5147662
8481958
2989519
420
420
420
7714932
420
420
3149844
2401129
1134538
420
4676831
5095768
420
3705276
420
8990602
2721567
4668500
420
8329348
5175793
6342575
420
420
6150544
420
5265786
5991022
4057315
3387829
5028969
420
1908325
9452866
420
3533163
2948825
3295002
420
420
420
543697
420
420
420
420
2099795
3649866
420
420
420
1736325
420
420
2893988
7656186
1237201
3605838
420
7991883
1408219
420
420
420
418223
1746448
420
55224
4183129
420
2437000
420
420
3360378
5096298
420
3721456
8794480
3011979
2566141
5555804
420
420
7739685
9214615
9232952
420
420
6597955
420
3656143
420
1413158
9469277
7888778
420
6801427
1083785
420
420
420
7301462
420
1732841
9433429
7770517
6414537
3930667
9102799
420
420
5188864
5303026
3246129
1092094
3237646
420
420
3979511
420
895858
420
420
2410366
5389132
4799444
420
8920605
7220887
4851221
9682099
420
1147646
420
8596189
420
420
9252911
4005786
8566672
521205
8109758
420
420
420
420
420
6400029
420
5920377
420
420
5550729
6734304
1745033
420
1883773
8845333
420
8115614
1404245
726137
420
1266480
8578336
800668
420
420
1968529
420
9949458
6081166
6147864
2956973
6038362
420
1064501
7787646
3541852
2149908
420
420
340335
420
420
420
3748673
9727971
420
420
5095439
420
420
7442887
420
420
6909122
420
420
420
7726017
2951496
7850724
2296487
420
420
9040801
420
3929675
420
9066852
1201358
2993512
420
2285670
420
420
2516846
7098476
8065739
8023010
6300366
9076402
9161657
2897554
7493892
6942757
5094685
1763012
5257838
420
117202
7537870
4033112
420
9217443
420
6459207
420
420
2813214
420
420
420
1638958
4946955
420
420
6339608
5116180
3567674
2345274
1011126
5738762
420
420
4882340
5685057
420
2240904
3674662
420
9509873
3473439
4468958
8836462
420
420
9161152
1374905
5270161
5311127
420
7982149
3920235
420
420
420
420
420
420
420
420
7033567
420
2247842
420
4856641
7187423
420
9307716
6931030
420
4354985
420
420
420
420
235376
420
1461411
8968718
5541912
1503978
420
8434077
7801786
4757472
420
9340980
420
5682559
7732210
420
420
6445021
8856364
4846253
420
9407600
6173726
420
420
420
420
9929290
5710390
420
6372492
420
3781037
420
7324303
4692427
420
420
5995617
1241649
420
5292962
420
7670626
4747164
189470
2753012
2124974
413302
4415805
420
420
420
4465855
5899216
3348798
3659683
420
420
420
5401290
5614878
6041538
420
4932230
420
7419767
9592613
3656562
2581007
420
2198188
5538570
420
3476112
3216266
4825891
420
420
9298590
420
384327
155003
797627
420
420
5595279
420
4707850
420
3235115
7637508
5195093
4699684
2718762
5557704
420
1406388
420
5004536
420
980063
5913536
4729268
5702425
420
4727848
420
420
4756080
3731036
2468794
420
8009691
5002463
1854492
1088876
420
420
1252075
420
420
3472124
4353306
4106185
7739197
9192978
4696061
9881827
7472438
6307351
9531229
420
9661523
420
8141697
5302877
420
5136292
3209979
420
3798588
420
2313046
2993171
9020491
9711875
420
420
5703602
4111848
420
9460010
420
3851606
420
6111955
4806665
420
420
420
430903
6396763
420
420
6846978
420
9331428
1104410
2652712
420
420
6106895