1441
3845
5907
8883
11822
14218
26696
27157
30977
35397
41815
42679
44190
44403
44706
47811
48434
51565
51894
52276
57290
62360
70429
81049
83088
86037
86939
88093
89250
92353
95613
96883
101196
104852
112376
112403
113348
115433
115566
116999
117025
117867
119081
133594
137285
138180
138393
140313
140404
145592
147068
150263
152311
153384
154674
158875
161968
165456
166083
169652
173715
177113
181647
184439
186205
191763
201266
202950
205004
206777
216947
217760
221937
222383
225049
232785
233742
242809
245319
248620
249274
254045
262559
266359
273297
275406
275827
276328
279442
280549
289547
291571
292459
295802
299313
305459
308869
312160
313312
316197
322001
323572
332839
333148
341597
344378
345487
346464
346586
349200
349448
353708
364563
364958
368178
371545
371835
376078
380344
387126
389686
394639
396418
396741
401961
404360
410017
411066
412711
417488
417873
422621
424418
429123
432603
432956
433206
433402
444463
445272
448716
455583
463391
466842
469152
469421
476743
486897
488687
489924
495121
497926
498648
503039
503399
503513
505033
521462
522965
523833
525982
527009
527832
528242
528308
529142
530335
533794
534990
536610
540497
542278
545777
548968
551593
555191
557352
567278
567544
568466
570778
573680
582028
583942
586071
588678
592195
597267
602566
606881
613618
614585
616074
620310
621065
621889
629233
634227
637511
638925
651752
652995
656414
663039
663055
664942
667267
670173
671740
671865
681583
682976
683247
684057
684324
684736
686883
691925
692254
693820
702903
703937
705838
709036
715811
729747
733186
735690
736126
739037
739512
740342
742098
747335
747879
748309
751593
753633
757785
763104
764544
764919
765651
766780
772649
773318
773508
782107
783351
783998
786877
789137
796379
800365
801011
801690
803014
803385
807763
822405
825928
825982
826737
830402
830664
837599
840149
840161
840769
844017
847474
856283
857844
864663
866827
875357
879133
879486
884106
888294
889963
890281
901812
904094
905691
908025
908377
910133
910836
915535
916018
917066
920398
921481
921975
927167
928780
932733
933383
934253
947319
948349
948912
952151
955116
959071
960322
963456
965624
965635
971991
976083
977473
985885
986140
1004540
1009192
1009283
1011252
1012391
1016679
1016810
1017163
1017310
1018864
1020826
1028190
1029567
1038040
1040739
1045810
1048945
1050148
1052576
1059665
1064386
1066294
1068437
1085154
1091242
1092921
1097643
1098483
1102234
1103031
1109397
1110765
1117839
1122171
1125598
1134199
1160872
1162905
1170743
1172850
1174610
1177469
1182540
1182707
1186425
1187287
1188581
1197473
1208938
1209007
1220473
1228129
1228765
1228947
1232954
1238367
1241527
1245437
1246079
1248914
1251515
1257706
1258089
1267490
1267993
1269197
1271181
1273046
1275858
1276047
1276678
1278605
1285322
1286075
1297876
1298579
1304903
1307379
1311648
1312815
1313759
1315256
1315821
1316217
1318319
1324317
1324588
1325088
1329312
1330263
1331466
1331485
1337319
1337706
1338521
1344123
1349441
1350963
1355327
1356267
1363153
1364176
1364314
1368193
1376901
1383733
1387941
1388435
1389813
1395182
1403409
1407053
1411161
1414121
1420818
1421926
1423488
1426721
1430445
1433942
1434948
1436517
1445296
1449193
1449339
1451650
1454052
1454369
1454712
1455664
1458738
1459391
1460786
1465049
1468381
1469223
1470680
1473948
1482330
1483733
1487229
1488366
1490639
1491868
1495930
1496584
1497170
1497515
1497991
1498342
1507095
1507849
1510042
1514024
1517975
1518617
1520065
1520096
1528293
1531752
1532055
1537547
1541278
1544365
1549991
1553576
1555791
1557827
1557898
1559302
1559730
1561887
1565949
1566906
1568028
1571038
1578180
1581901
1582062
1586638
1598692
1603454
1604192
1606442
1612192
1612305
1615301
1615309
1622852
1629320
1631979
1635835
1636560
1646335
1647250
1649041
1650260
1656761
1657437
1661419
1663455
1664563
1667624
1669032
1669792
1680254
1684716
1684728
1685468
1691807
1693441
1694843
1696503
1705663
1709227
1710952
1714183
1716011
1719581
1723629
1726460
1726613
1728206
1730766
1730928
1735379
1737337
1738139
1740957
1746413
1751242
1758284
1758936
1766349
1766594
1766711
1770131
1770872
1773594
1776921
1786520
1789111
1792601
1793338
1793677
1793986
1796721
1800811
1810859
1811669
1823577
1825748
1825876
1827582
1842042
1846348
1852360
1854168
1856991
1862596
1867484
1875524
1876588
1881160
1881961
1884565
1885115
1888630
1891333
1891917
1906428
1912699
1916071
1917951
1920414
1922605
1941148
1942774
1945482
1947868
1950069
1950593
1951696
1953548
1956784
1960370
1964185
1965323
1968525
1976336
1976824
1982482
1986238
1987760
1989251
1990352
1995780
1997129
1998344
2010858
2019289
2023174
2027776
2028912
2045949
2045982
2046271
2057856
2063527
2063675
2064512
2067154
2067962
2070336
2071720
2074459
2075265
2081965
2084837
2095955
2098940
2102906
2103718
2107650
2108237
2111140
2118907
2119016
2123483
2123891
2124029
2125121
2129578
2131037
2142641
2144004
2145725
2148341
2149560
2150808
2156569
2159656
2162393
2163574
2165596
2167263
2170059
2170080
2172634
2174485
2179525
2183461
2186834
2188263
2193969
2194263
2195010
2199566
2200805
2205802
2208446
2215382
2217358
2217491
2220232
2221331
2222292
2234839
2235778
2237390
2240448
2241389
2245816
2249810
2251152
2251792
2253041
2256055
2256493
2256796
2261204
2273604
2273827
2275466
2276530
2277228
2278366
2281527
2282611
2292215
2297948
2299996
2308320
2319244
2320753
2339335
2344396
2346977
2348593
2351814
2353757
2364001
2364969
2365199
2368564
2371849
2380179
2381294
2385867
2388540
2389699
2389978
2397254
2397643
2398864
2406110
2413264
2415693
2417695
2418987
2419953
2421216
2421359
2423152
2424936
2431449
2436754
2442450
2442953
2444028
2446464
2449270
2449436
2449990
2452191
2453918
2457299
2458327
2462100
2472378
2477776
2480197
2484783
2484799
2485400
2501303
2506222
2506376
2506425
2508510
2510422
2516418
2521389
2521440
2526657
2528321
2530526
2541778
2543045
2544128
2545481
2547233
2548553
2550108
2551465
2553487
2554078
2562952
2568640
2571613
2575012
2576037
2579079
2580335
2585019
2587878
2589128
2591173
2592558
2617958
2621490
2621935
2628962
2632487
2639227
2642820
2644691
2650553
2650903
2651681
2651903
2658156
2661442
2663414
2665517
2666199
2672909
2673316
2673509
2677828
2683217
2684717
2686210
2686788
2688469
2706437
2709806
2714478
2716397
2720241
2721525
2722063
2723780
2723883
2724182
2727169
2730018
2743116
2745322
2749743
2750250
2759129
2762203
2763186
2763507
2773518
2774317
2774646
2780215
2782772
2784603
2786240
2792033
2797963
2802011
2803797
2804072
2804841
2804979
2806227
2806413
2806712
2807415
2813235
2815054
2821413
2824396
2840729
2845944
2848142
2851563
2856546
2860664
2865181
2867506
2876076
2876488
2876924
2880458
2885271
2888461
2891566
2895296
2895510
2897202
2901152
2904352
2910741
2911696
2914503
2914791
2919578
2920230
2921794
2923936
2928985
2929113
2929486
2944332
2944639
2951007
2953642
2955332
2959193
2963620
2975076
2975726
2977081
2977795
2985484
2999995
3008252
3009390
3010326
3010886
3011783
3016767
3017814
3019904
3025831
3041327
3045642
3049012
3051433
3052689
3070792
3072152
3073598
3077561
3079925
3083376
3088782
3089887
3091661
3093497
3098237
3104866
3107354
3109343
3113027
3118523
3119904
3123960
3135763
3138899
3139447
3141089
3145332
3150126
3151544
3159808
3160916
3167019
3168254
3171077
3177369
3179154
3181185
3191612
3195747
3200152
3200617
3205836
3212577
3212580
3214242
3215526
3217265
3219295
3220393
3221017
3226634
3228194
3239794
3240445
3240453
3251336
3258317
3259302
3266876
3269332
3270190
3271447
3272695
3287370
3288053
3292344
3294046
3295041
3295792
3315001
3321029
3323080
3327535
3330238
3335230
3341063
3342837
3346580
3351162
3352061
3354661
3356408
3363862
3367245
3371851
3376152
3382888
3383335
3384342
3385466
3387837
3392924
3395315
3397648
3399361
3399731
3401032
3403142
3405252
3406597
3411472
3411516
3414541
3415976
3419952
3420956
3422961
3428547
3432678
3435942
3439223
3442049
3447815
3451005
3453441
3455064
3457682
3457933
3459024
3459279
3459794
3461220
3463373
3465303
3469611
3470023
3475814
3477602
3478583
3480210
3480332
3488002
3489956
3490337
3494246
3496738
3499054
3505748
3515555
3516567
3517936
3518001
3522109
3525401
3526116
3528427
3530413
3533371
3536760
3538403
3542833
3548788
3548859
3548897
3548923
3555339
3556849
3558208
3561347
3566882
3568255
3576740
3581118
3584472
3585157
3587128
3588631
3588771
3589909
3589954
3590403
3603857
3607967
3608920
3611335
3611488
3612140
3613744
3621416
3622887
3623039
3627123
3627198
3631648
3640004
3641925
3642067
3643077
3643517
3650504
3653996
3661787
3672680
3679334
3686293
3689538
3691161
3694664
3697939
3700639
3717650
3721216
3723124
3723977
3726188
3731833
3733533
3735503
3736468
3742852
3747980
3750978
3752985
3754587
3755091
3756928
3758432
3764277
3765853
3776284
3785616
3786979
3788742
3794965
3796830
3810273
3810287
3815152
3817250
3822535
3828067
3828948
3829187
3832211
3836847
3838432
3843944
3848753
3852135
3857237
3862982
3864476
3864653
3864872
3865692
3872908
3878763
3893869
3894306
3895962
3899156
3899513
3901324
3903207
3903527
3905157
3908376
3908874
3911089
3914105
3922925
3929192
3942107
3949912
3961296
3962182
3964288
3964303
3965340
3979827
3987392
3990145
3994750
3997774
3998393
4003104
4005459
4006831
4009105
4009985
4010137
4010388
4010404
4011701
4013018
4017381
4018610
4023869
4025605
4026011
4031059
4038643
4040681
4041245
4045398
4047604
4048412
4049368
4052066
4052404
4053708
4054666
4065021
4065871
4073201
4077114
4080736
4080833
4082310
4083491
4084841
4087051
4090552
4090998
4091218
4093166
4102510
4107564
4111427
4115241
4115975
4116049
4116488
4118821
4123878
4124243
4128160
4137613
4141774
4147935
4150821
4152098
4152649
4155433
4159182
4159218
4159557
4160672
4162766
4164765
4172222
4177307
4181350
4186888
4194625
4195300
4196259
4198649
4198850
4209098
4216868
4217659
4218209
4221731
4232485
4238425
4242940
4247333
4248124
4258367
4259468
4273790
4275670
4277638
4284482
4285089
4293997
4297139
4299567
4304989
4307176
4310907
4312156
4317359
4317587
4319115
4325728
4330350
4348933
4353078
4369305
4369425
4369469
4370795
4377041
4377254
4378925
4382193
4385382
4388089
4391306
4392007
4398342
4403325
4405242
4406049
4409759
4415269
4417596
4425390
4426045
4435985
4441845
4446639
4451474
4455597
4462191
4467102
4469254
4470936
4473152
4474172
4476933
4486017
4491448
4500249
4506264
4507142
4513616
4515086
4524059
4525669
4531067
4534033
4538880
4544194
4550041
4552662
4560188
4568179
4569570
4583842
4587322
4589464
4590549
4591628
4591758
4592206
4593174
4597680
4598400
4602217
4603111
4609526
4613409
4613572
4614237
4617073
4618096
4625469
4630055
4630322
4633995
4634757
4638838
4639223
4641428
4643243
4650625
4653127
4665324
4669597
4672728
4676496
4678163
4681924
4692367
4695857
4695957
4696179
4697926
4699796
4701014
4705202
4705599
4707556
4708417
4709454
4709564
4711727
4722786
4726880
4728091
4731095
4731340
4735365
4736121
4737159
4743727
4746041
4746585
4750643
4752635
4753012
4763854
4770293
4771011
4777101
4781107
4782661
4784820
4788706
4789011
4789422
4789633
4789897
4790060
4790722
4795777
4798560
4799998
4802500
4804327
4807892
4810151
4810541
4812045
4813738
4813756
4814242
4815064
4815308
4817411
4820745
4821464
4825418
4831001
4832490
4835238
4840683
4842731
4847069
4850192
4853650
4858252
4861062
4864354
4865069
4865547
4867375
4869568
4873831
4874305
4875723
4884684
4888223
4888576
4897566
4900046
4910274
4910940
4912241
4916625
4917503
4919255
4928074
4928427
4929953
4931328
4931797
4932964
4932999
4937711
4939096
4939170
4945735
4946517
4951431
4955818
4960921
4972971
4974843
4975115
4975331
4975433
4980705
4997874
5001717
5004408
5005257
5007987
5010606
5011155
5011573
5014983
5024167
5024199
5025900
5028720
5031907
5036463
5042648
5044503
5045270
5048376
5048695
5050978
5059724
5062274
5066102
5069112
5074319
5075179
5075203
5087429
5091360
5093279
5094144
5096569
5101742
5107264
5112920
5120370
5122428
5124739
5125861
5129268
5129429
5131205
5145302
5146967
5152136
5152769
5159172
5169290
5176361
5181094
5182559
5182574
5185913
5205485
5215586
5216115
5220570
5225393
5230665
5237554
5241434
5247630
5247933
5250603
5255051
5255131
5259959
5262572
5263984
5269854
5270057
5273121
5274977
5277100
5278702
5284671
5289217
5292551
5295093
5296321
5298354
5298628
5299388
5303074
5303337
5309442
5310508
5311018
5320438
5330732
5330828
5330867
5333589
5334427
5336242
5342578
5343192
5348584
5349636
5353027
5355491
5355917
5358998
5359888
5361864
5363146
5366918
5371046
5371859
5375481
5382101
5385738
5392760
5396793
5397031
5397269
5398907
5405661
5408911
5409473
5416657
5418653
5419813
5423385
5424283
5425084
5425270
5430411
5430781
5438686
5444821
5445085
5445639
5446207
5446501
5450678
5455484
5456824
5460710
5463500
5464490
5467177
5468014
5468350
5472975
5473950
5476466
5476854
5477253
5480850
5482918
5483586
5485408
5487285
5488635
5491154
5493811
5495532
5507560
5512061
5513413
5514269
5515872
5520520
5521564
5527069
5539159
5544814
5547605
5548836
5550240
5560187
5561043
5573490
5574363
5575641
5581100
5584276
5584915
5590125
5599200
5609923
5610624
5612654
5613199
5618412
5618425
5620911
5623083
5629202
5634875
5639835
5642500
5645388
5647123
5648428
5650423
5651251
5655110
5659287
5666505
5677260
5678340
5688379
5689556
5692815
5702609
5704670
5706017
5707591
5708464
5709821
5713700
5713763
5720953
5723718
5723960
5728210
5728856
5732717
5732743
5745612
5748437
5748602
5750952
5755948
5759070
5762188
5762790
5765293
5765380
5766217
5767866
5768313
5769923
5770041
5772093
5772222
5775655
5776207
5777055
5785443
5787231
5787673
5788762
5794166
5798222
5799408
5805701
5816812
5817115
5820058
5822046
5824403
5828133
5831382
5832807
5832890
5836676
5838158
5840062
5844578
5844749
5849270
5853581
5857408
5861815
5866349
5867428
5876887
5879124
5879146
5885423
5886354
5886852
5901487
5912117
5914995
5916173
5932959
5935129
5937490
5938183
5942573
5945976
5951406
5955517
5956977
5958230
5960314
5963432
5963578
5966015
5966886
5968497
5970997
5971817
5973105
5974085
5978234
5981696
5986859
5986928
5989897
5992304
5997609
6003629
6006988
6007210
6009414
6016756
6019866
6021779
6026426
6030167
6034024
6036991
6041291
6044191
6045289
6046235
6046839
6047302
6049615
6053833
6054227
6058151
6061581
6064248
6070814
6072037
6075775
6075827
6077464
6085427
6089632
6091656
6095019
6095432
6108062
6108832
6108952
6108952
6110833
6120740
6121667
6123886
6126237
6126545
6131608
6131807
6134845
6134951
6141824
6144002
6149288
6150568
6157370
6161460
6161701
6164422
6179295
6192364
6196423
6202018
6202739
6203755
6215248
6216170
6224989
6225497
6225514
6226236
6226968
6233870
6239474
6243655
6250292
6254092
6254467
6263519
6265510
6270043
6270908
6271709
6274356
6277010
6279612
6284665
6288156
6288300
6288586
6293283
6295115
6295361
6295600
6298508
6304229
6305469
6306911
6315113
6315281
6316478
6322110
6329384
6331025
6333726
6335613
6335650
6341077
6344921
6350041
6351062
6352005
6353248
6353484
6354462
6355895
6356230
6359395
6364169
6364703
6365989
6368782
6374995
6376590
6378040
6380702
6381430
6384911
6385974
6387150
6387234
6388861
6393301
6393999
6400265
6407576
6409873
6411799
6415660
6419296
6422826
6424685
6432397
6432941
6433316
6434870
6441736
6442401
6446171
6446730
6446763
6449176
6453017
6456141
6457827
6459926
6460827
6461040
6471143
6472534
6478112
6491905
6497654
6503045
6504630
6511743
6514748
6516992
6518707
6522545
6523353
6523852
6528367
6528371
6531309
6538461
6544048
6545464
6549576
6553611
6554138
6555031
6556905
6556907
6564856
6566217
6569277
6576946
6577762
6584465
6585052
6585699
6588618
6591858
6596767
6602941
6606733
6608608
6610661
6614562
6616350
6618654
6625294
6626222
6629162
6633613
6645884
6648912
6652015
6654686
6656016
6660023
6660652
6669000
6671338
6680218
6684853
6686884
6690257
6694890
6697102
6697454
6697637
6698971
6699458
6700132
6704257
6711914
6716380
6719740
6724985
6730848
6731019
6739809
6739949
6744384
6745272
6750133
6750212
6751418
6751932
6753404
6754536
6755706
6756410
6763560
6772066
6773402
6781229
6788882
6792937
6801286
6802003
6815216
6815600
6819413
6826517
6834191
6838103
6844387
6856149
6860103
6861324
6875345
6882779
6894866
6897120
6897166
6898887
6902251
6902761
6906156
6907089
6916167
6918294
6918337
6918367
6919404
6922636
6922878
6941912
6942885
6943091
6943765
6944938
6949578
6949730
6950109
6952815
6957958
6965293
6968356
6973756
6977096
6979311
6983787
6988472
6991814
6994856
7002453
7004078
7004715
7011078
7028911
7034503
7036451
7037707
7042771
7048704
7054934
7055833
7056945
7057233
7060648
7064884
7067596
7079477
7079571
7086443
7088074
7096713
7100989
7103142
7110368
7111484
7116848
7121978
7121980
7125389
7130530
7131499
7133731
7135141
7146721
7150003
7151885
7158525
7159465
7159618
7159896
7160039
7162560
7163643
7163955
7171110
7173394
7205686
7206645
7210810
7213162
7217136
7217906
7218579
7221274
7229847
7231299
7231553
7233529
7234973
7238270
7238443
7248942
7249316
7252369
7257399
7257508
7259482
7264912
7265514
7280388
7280627
7282887
7289543
7294831
7297766
7298885
7302720
7303879
7305814
7307301
7307391
7309487
7310494
7316750
7319254
7319890
7321027
7322836
7323696
7325937
7337690
7338694
7339424
7339962
7341493
7342617
7347130
7356491
7358328
7369871
7370668
7374407
7387529
7388702
7389837
7397018
7400605
7404420
7413333
7416920
7418786
7422108
7426399
7426756
7428079
7439987
7441482
7442558
7447033
7455426
7455951
7462479
7464301
7465879
7466375
7479901
7480199
7486491
7497925
7503553
7510483
7513387
7513579
7517956
7525956
7527531
7530076
7531887
7534449
7536126
7538588
7538888
7544949
7547364
7547395
7548741
7549820
7551346
7555731
7559781
7560309
7564153
7565562
7566385
7568817
7571495
7577457
7577469
7577597
7580646
7592045
7595908
7596708
7596943
7597934
7599257
7599658
7600971
7601529
7601752
7604550
7608317
7611290
7612477
7613500
7614752
7615374
7616530
7617269
7625327
7630663
7630958
7632531
7636249
7638319
7639555
7646610
7648425
7653130
7653318
7657651
7678735
7679127
7682444
7686744
7690176
7690367
7690979
7693498
7698087
7700287
7703824
7711748
7713222
7714205
7714610
7719169
7727810
7734046
7734953
7735493
7752172
7752840
7757153
7758114
7781226
7784843
7785289
7785309
7790586
7796783
7799567
7800176
7800303
7801200
7802923
7803210
7805122
7805503
7812798
7813118
7813796
7823005
7825960
7832674
7832795
7835437
7839816
7842779
7847067
7847863
7848755
7848863
7855660
7860103
7861048
7864603
7866323
7869276
7869325
7873230
7873606
7881081
7887163
7893597
7893980
7896512
7897618
7898228
7899142
7902242
7905230
7905345
7907296
7907329
7908247
7925644
7935154
7935222
7935332
7935498
7936200
7936570
7939951
7941749
7948550
7951876
7954681
7956331
7959118
7961481
7962977
7963764
7964289
7967392
7967931
7972650
7973631
7978161
7982400
7986448
7987989
7988115
7991922
8003271
8005062
8006548
8007398
8009036
8009740
8009804
8013916
8017473
8017552
8019031
8021853
8024983
8027926
8031654
8032375
8034090
8036643
8042118
8042218
8044455
8044956
8049290
8051344
8052990
8053423
8056391
8056738
8058497
8060730
8066231
8066851
8073873
8075779
8076466
8076545
8076603
8081152
8089946
8092844
8093609
8094079
8094563
8095403
8098915
8099107
8099446
8106589
8108529
8108779
8118510
8119888
8120615
8125490
8125563
8128048
8128331
8128500
8128515
8130279
8132111
8135660
8140608
8145646
8147172
8148805
8156167
8156798
8163547
8163683
8164088
8170453
8171191
8173080
8175019
8175593
8183044
8189128
8191387
8192996
8199388
8205768
8210503
8216801
8219967
8223315
8225763
8225897
8226724
8229688
8231721
8231752
8239983
8240561
8241376
8241650
8243101
8243753
8245703
8246174
8252716
8253723
8264190
8264850
8265479
8277648
8283425
8283555
8284161
8284713
8286576
8287140
8287641
8303813
8305001
8305481
8311279
8313012
8313269
8316131
8321943
8322591
8324174
8326441
8327267
8327397
8327627
8328072
8329788
8334245
8335214
8336664
8341972
8344410
8345365
8346510
8348344
8348597
8350303
8354697
8358442
8359678
8362858
8364737
8364921
8371873
8373670
8373947
8376315
8379246
8385215
8386646
8387419
8390329
8393518
8397956
8398327
8403334
8405164
8408723
8411141
8413414
8414551
8421197
8422407
8433039
8434092
8438092
8439777
8441762
8443278
8450410
8454121
8462620
8462932
8464125
8464913
8467874
8469635
8480009
8487204
8489213
8493170
8495863
8500800
8506282
8514992
8532029
8537935
8540524
8542674
8546737
8552163
8558397
8560030
8567190
8575669
8576687
8577015
8586415
8591491
8597602
8603160
8606818
8608161
8615680
8617227
8619413
8627449
8627965
8628836
8629338
8635745
8636707
8649438
8658698
8662287
8664821
8667147
8667455
8670662
8672922
8681675
8682836
8685699
8689268
8694052
8695685
8698142
8698359
8698490
8699800
8709820
8711839
8714691
8715456
8724590
8729202
8737415
8739258
8745162
8750612
8750844
8751053
8751056
8759064
8762890
8766168
8777386
8785611
8790242
8792352
8794729
8795950
8796264
8801212
8803662
8811838
8814072
8822631
8846341
8853365
8853693
8853808
8856082
8859249
8860733
8864524
8870677
8874008
8874648
8876681
8876942
8881217
8889739
8898523
8899369
8901182
8905080
8906029
8910452
8912129
8913865
8917907
8919669
8920378
8922281
8923197
8924901
8925557
8927334
8927934
8928361
8938528
8941177
8947894
8947969
8949055
8951666
8952036
8953718
8962540
8964892
8969531
8969947
8971253
8983450
8988774
9007940
9010880
9011823
9017902
9018523
9019085
9022601
9030538
9032415
9043942
9045234
9047109
9048856
9052468
9058811
9063238
9064244
9066349
9066658
9067790
9072898
9073817
9075090
9076971
9080218
9082382
9085234
9085960
9095108
9096662
9098207
9101002
9101350
9102450
9103246
9103738
9105375
9106387
9108391
9109524
9121339
9135304
9141272
9141559
9146692
9152873
9155609
9156635
9157646
9161849
9168308
9168341
9168988
9170826
9172911
9177086
9177202
9177696
9178507
9182657
9183244
9190448
9192247
9195323
9200317
9206774
9211230
9215313
9226775
9229254
9230730
9238026
9240734
9241880
9244174
9251149
9255070
9255089
9271243
9272499
9274113
9281480
9282466
9286505
9287606
9289221
9291540
9305106
9305954
9308119
9311507
9314846
9315011
9317125
9319095
9322433
9325250
9328328
9329793
9330282
9335130
9337452
9338114
9339296
9341118
9341594
9344347
9346208
9348401
9354537
9354796
9362294
9370759
9393312
9400083
9400769
9400834
9403963
9413388
9417187
9422997
9425198
9428117
9430088
9430798
9432752
9433744
9435170
9437469
9438548
9439851
9444196
9444284
9458713
9466657
9471163
9472994
9479444
9486850
9487621
9490230
9491148
9499899
9503577
9503905
9504418
9505656
9511027
9512198
9514072
9515739
9521226
9521974
9529735
9543142
9546116
9548469
9549037
9551419
9553639
9568378
9570367
9572471
9574002
9574177
9578844
9585093
9593318
9593953
9601612
9607027
9607660
9611391
9611715
9614307
9614424
9620279
9620371
9624324
9629792
9631020
9631553
9632186
9633565
9635473
9635489
9636214
9639732
9640250
9646364
9647234
9648220
9648550
9650604
9657059
9658510
9661268
9664601
9665100
9671584
9673057
9677337
9681307
9688278
9691685
9694103
9697138
9702929
9706284
9706730
9712196
9715548
9719200
9719229
9724438
9725321
9727164
9732179
9736466
9738142
9739512
9745779
9745926
9747070
9750048
9753828
9755097
9757636
9759788
9762681
9776988
9779057
9782348
9783781
9786563
9788948
9790323
9790795
9791170
9791952
9796453
9798958
9801877
9805375
9810937
9812830
9813972
9819100
9826707
9826737
9826937
9827105
9831629
9833953
9837062
9838095
9839195
9849051
9853707
9866587
9867827
9870024
9875195
9875919
9876187
9877216
9882484
9882634
9883066
9884084
9885538
9890098
9891917
9892379
9895640
9895798
9895810
9896702
9899408
9905716
9907454
9912575
9913633
9915196
9918472
9921384
9935239
9937085
9942851
9948966
9961211
9961978
9971833
9972346
9974879
9976577
9976736
9980367
9984518
9986297
9989614
9997278
9998272
5558718
9103298
296610
8412100
6787492
2581358
1363373
3253328
5396930
8508184
2390899
2827133
6990160
3640042
7258872
9755962
3217984
9950779
4311388
9225287
7114600
3224679
9709285
7479994
6180286
9122634
3643225
6704710
5220747
8599472
8198140
8570142
7661012
6551066
5299419
3580005
4639903
6677983
852990
5425762
3392719
8637306
1080216
8849663
5208754
1851016
6717570
6086209
9845328
4801570
4244269
6247390
139643
2592406
8462151
4934540
902472
3111767
1015909
2891042
7828751
4655750
6780743
116331
9695465
8596935
5668588
3267947
2046713
5056732
3253378
9880773
4869378
8819948
9306841
6655437
9752555
2544685
9242
7140630
2528951
4782382
3320797
5278656
5010007
7327191
2026928
2643143
1659290
9989790
7252485
109611
568604
4075380
7500919
564345
8839448
9933524
8705157
9979023
4355942
624872
1272854
6218738
2743082
3513998
1274205
7587595
5541484
4998120
370138
890128
7274522
6084619
2824965
4597325
9868086
6768782
614539
9148437
1930370
4908420
5042143
5666699
3290088
3183359
5302801
5311489
9199166
4985543
2253044
2377068
5127506
4156828
2357702
9297422
197775
9476916
1546754
3888640
3021760
7916732
7830357
5234363
3408678
8394450
8842036
8818228
5838621
1545585
4692958
9236419
5414005
6068321
7462193
9032582
4261978
5811518
1586248
4286121
8103817
8631604
6358235
3874740
2841602
5952516
7833775
61628
9580435
9634580
755015
2778705
3129160
8481854
1398278
596869
4946347
2903603
8948275
4908173
2516713
9841934
5964738
1967468
7578281
5092858
2935
5702420
7072396
2325141
2978517
2548255
9664910
384397
6519107
3905692
8518628
103638
2536189
5003016
1346147
8731183
6554815
7892162
5287894
7012097
5814001
2994340
6004741
4154164
1226043
993229
2865845
7273657
2366878
5983782
1456031
3096953
4078605
2819799
7846244
7684726
9418770
5628082
4521623
6470088
2541632
9628301
6213680
3627784
4309149
3238952
9731160
5233248
8673299
8118748
9626034
5074922
8565078
4361523
3845794
1495722
5059472
5067570
2779465
3691723
7567813
3768083
5615361
8020277
3120985
5004031
3654423
3863967
5191034
7758927
703918
6961147
7965053
5301422
5960227
1523324
3283418
9554893
4784294
4645192
6721088
846173
5609461
1394582
2928987
5485644
3662799
9639503
4529653
279258
4036584
5090106
9737653
4462714
1994804
6414473
4981052
8684421
7371064
6221914
6512376
5913609
3693705
7005152
8108235
7883895
3280663
9304464
4469045
4637632
9178152
2412916
2417684
3666659
9930353
5567254
3488829
7337441
102367
3838777
6361536
5388141
8312655
5387493
7020068
2432486
807613
6406520
8618233
4751271
5488169
4584001
1792227
3976218
987756
3144162
9584462
1414404
7610940
1682650
9345787
1669338
5275724
7758038
5294868
9092035
6347043
299151
3434334
2471332
5399148
6495507
3279454
3963600
4520783
4724040
1290253
3566643
232703
3098620
3970000
902461
2186492
7466085
9150040
9301848
157401
1185838
1005372
7891462
8211235
810209
1851934
3788947
1577458
1880188
614271
2700285
164716
117071
8792473
1614451
7905667
6237921
4405993
823686
6738130
4373183
2309636
4020195
6014240
26546
5105619
7479853
4924705
4256539
8564858
1566383
8727982
7272401
4649930
5940828
8861500
1450539
3468841
6326699
4552945
8082775
6568750
5273997
5989586
7001197
9963761
9278589
3070307
4516627
650588
8418071
7757834
8559571
9742248
3461295
7466334
1000952
3899816
8925302
1538053
4111002
4295923
4655221
5649539
4463402
4416193
6902218
4789837
3374245
6709799
1096688
7613299
4744112
5768663
315046
5295249
3373582
5472729
9543914
5551001
2070285
6870231
9944979
9394699
2001664
5162570
9231828
3883610
5597449
6655562
2476793
597915
5020074
2479076
2473338
5602472
7975351
2852712
3491357
4721033
164109
7551503
4329064
3154476
7147598
7647718
5938770
5166048
1444248
7361871
2278471
8798805
8337211
8198402
672018
7262590
3681337
5738100
8262906
6768124
6731774
2784587
1552443
9688908
7593280
4284562
8214613
2616819
2544950
6772041
8380303
3006463
770272
8129638
1474114
8116959
3608189
5155538
1665077
3377476
1812007
4202587
2829156
2705422
1324588
4199959
7158234
8139588
5084727
248080
9556360
6221433
5390557
9076310
3391917
4512003
2535915
8776925
7195108
7583656
4362216
3094350
1998244
5656789
785805
8329021
9113523
8650433
8984639
3809412
8099922
8827058
2994570
4958667
879590
5516445
1341213
1475904
1106872
74784
4999567
1862937
2585780
1370538
1332750
6033289
9515728
9455466
3030570
913589
8229452
5969308
7493388
8705527
90856
1590435
6322903
9127159
927333
5631203
8192129
1047252
696698
4273760
4947836
7646749
4851379
6491437
1220569
4469886
8680641
2307453
9150597
3091941
4374459
7960481
2999766
7088267
8707866
2746167
9444673
1488809
9095233
9855702
7039319
4300459
7519858
5282974
9637914
431597
3782712
5394986
5924004
1285500
7716138
5336846
6988463
3971112
6345164
4052902
4194704
5588002
9503227
5242742
1714586
6967308
6027766
5487856
2545700
820756
293248
2186088
8806743
5529463
4212890
1796405
9868534
3318858
5936903
1461107
9350957
639550
5614784
5774331
6994996
4529256
4282041
2693246
1888962
3963741
1842806
6680890
9670901
2161910
5820431
1764109
4981830
8292395
9425285
6171012
5563046
4145705
5095855
4456475
5605168
7609696
3229687
5650486
5815344
4347634
8980838
8935769
6380920
3250858
336899
4244491
653783
7252319
7734424
9048719
4796997
6871357
1303517
3304289
7522012
675263
9624287
792998
570653
3489630
3904960
5218831
2063962
7279048
8135517
2859212
6450909
8807001
4641509
1519861
4699766
2928198
9546857
3406652
8969225
615755
7637218
9826574
8820125
7873193
8047691
8958306
5840954
365713
9877306
5668756
7179579
9673437
1033875
6526001
4925934
2074003
6628215
8150026
2532727
8727342
173286
8115274
5707298
2094461
8686978
6793560
4885787
8167795
586474
5883881
8389071
6355139
8721960
9377409
5276243
2969740
669878
2141800
8404386
5294316
208540
8235293
8948667
7346143
3489354
695517
6615387
6913538
6234825
7288210
1913506
3252784
389566
1920867
9941583
5664641
9408051
7057297
1884881
672677
9192019
2150441
934197
7454518
3165029
3618549
8688854
7159137
7060811
7243855
8958873
5982384
8239610
4402794
8831130
7202086
161524
3854853
6168111
2849958
3561432
5084755
9961471
3356503
4285999
2503594
4672909
1466962
662519
9232081
9512341
2976888
1618188
908296
9199914
5513970
2686211
2865108
8350985
8523099
3775987
4276172
436339
7954923
1002786
3125688
7854523
1523652
9577228
2567162
6684031
6517987
4326552
609306
9648948
1706100
7206197
682826
9989741
5238283
2165085
5861771
4905975
6706730
1814212
2004877
4070903
2183374
587228
5543654
7878835
9458865
5943508
7147853
7714764
6987188
7781113
8688208
2282709
8797586
8080553
744293
6786019
1021519
3693800
6098308
4905508
7342769
1863275
9187311
149775
5877113
9967338
4523187
3663858
5815887
9145742
92308
6620615
8258005
9564993
119950
8203013
30001
6411189
681370
4533928
940623
7654528
3177280
6119428
7304319
1531530
4205285
1555465
8019655
4963790
8495741
6679310
5173159
7265310
996200
4764815
6867272
7839469
2253085
7125527
5177408
4376827
613700
7606887
41470
2363969
2040549
4800492
2049232
4133662
5064457
993486
1450005
8170362
1562766
1281167
8388759
8666665
6738128
4294652
5856645
683747
2300188
2662416
6933393
9700000
5154723
4277604
7160170
6103494
9752263
783734
7354818
5321733
2546874
3078583
2676048
8683297
5964354
6041932
849759
8713245
7917723
9386658
2656107
1040224
2251074
3837175
1432724
1451713
4755432
9368979
2938282
8955820
3858020
2833062
7959129
2732419
7401788
4561673
4076702
35858
1957193
1687968
5861686
2330541
8885148
3529617
9837537
1929449
9930857
5433814
3709663
5710759
7332444
5594776
8610737
9077999
4562755
9895273
8520907
6620764
3633900
1352145
9256686
4906066
6692199
805076
8267349
1101476
3175098
7058435
4761418
8170264
2552703
1908266
4639174
3698826
9237838
7926730
6778469
9287426
4830108
6518117
6018336
6398004
9905078
453438
3146814
1311737
3458376
6356201
8485303
55230
1915548
5189549
603018
2885875
2795962
2726832
2716993
8244968
6928370
8910950
7480560
4940761
977041
5268603
1828084
7318141
1605693
5412090
1281661
4110806
4337946
2474663
2236844
3749355
6279390
8399452
3825488
7249321
3786628
8710946
8082818
8768442
882976
2536222
2080130
4048722
8400383
599983
8291125
8281750
7043500
6358536
9265428
1036743
1634153
3200643
6570752
4450303
5454309
4249351
3270887
3922035
7170378
1048102
6320972
468310
6245848
4049653
3782964
6377899
4630420
2470002
8304285
8417290
3136059
4478244
1882524
8745252
6577431
2029544
4863737
2913589
8319441
3478374
5483457
6952852
4788531
1523725
6820125
4484240
4323739
3115729
8065857
4085842
7291850
1282629
1728462
9026309
3556949
1143043
9616081
5978905
631223
4520036
9658710
8831326
6368117
6151790
8000860
3404018
8436512
7460872
891189
2167552
8426197
6700602
6942328
6067842
94032
3052024
6984508
3394246
2250805
4519244
6760577
7184020
9909326
1993346
4553952
3645035
6642758
8134585
9882297
4104701
9662901
1663327
9461692
1262121
2966963
7757246
301795
7163116
9307449
9539461
3979554
4485431
4840938
1521401
7422968
4303495
52852
108918
4235441
8359802
5684412
611309
7999437
6140757
7249417
930222
3041972
5988672
6230003
1475106
8593740
2996850
5573694
4021253
347510
5866991
3646420
6658783
1372679
1520013
1419885
8106741
7125741
5316830
2824022
7894274
2694328
5236117
2571317
9665914
5060352
4984623
3252818
8403553
1653626
4339426
1041347
280184
3164573
7489449
9848672
7598787
468725
5733226
2642803
5075804
2277155
7666240
2654006
2433487
8246053
5759418
2179264
480215
1225542
3495369
4830748
6337381
2698960
4327179
9433920
8270467
7589398
4998261
6763836
1020967
67239
1762844
6372554
1427669
9059053
5080409
9086731
4449472
6887353
6483341
6848269
347028
3627422
7789257
4525700
2420780
8652066
7975716
4664889
708990
4038865
2420995
9721206
8101917
5987843
5742739
6824372
618711
8678101
1075601
5746214
8624363
6733337
7876600
4826700
1658375
9127861
7634314
2395408
1581083
9971008
527329
3854137
8038689
3635597
2483791
1669916
8561847
5315785
3935779
5947449
5170527
2683147
3736373
1057626
9227783
5113161
9771723
232841
3414290
8192978
1344461
9293150
222403
498350
5866636
3220311
2260521
6014619
1246011
2249743
1121558
2950116
7206097
6849138
7460849
8444407
5746612
8025488
2094394
3612432
5400113
8945004
8910148
6309562
9940113
9034995
2237894
76672
4951077
2312973
3069017
6869274
743838
8999547
4712021
6019349
7453918
3638620
2972053
8000948
9264867
5715588
7265042
2619039
7733439
6443260
8050904
492784
5388210
2803229
8459119
7380933
7521581
6893175
4888798
7638932
5533336
3014561
6367585
3304659
7730524
1600230
2604943
3325146
7447530
5592827
5381358
6173186
395942
8635060
3386219
341598
1899249
9794309
6857126
2696922
2739373
9882122
6974072
8173756
7177667
7298307
4803611
7995045
9330000
2747429
3583932
6877861
4084381
7611753
265913
3448669
5458250
4801691
4456719
4174791
2969787
188861
4621512
5197232
912622
4995568
3785770
905046
4633128
1658957
3469764
8758360
5184542
9111577
6689909
3379959
2761301
4438655
9764478
4694298
4749302
5782512
1343917
6569830
2931712
3877761
2366415
9281357
5466216
3349346
7287938
1026737
3643463
7105352
7224564
7009383
2528120
196998
3988373
4606748
1676741
7863459
8765876
8799863
7315733
8465830
5316013
9547801
299041
198657
6819283
7341707
3258404
5460705
6458858
2212103
4592421
8196532
7846096
2335407
7834999
2862186
5671856
6665117
1621083
2673280
4307946
8431265
4309812
3610930
4035493
1680813
6563342
3443036
5624467
1980321
8976898
8688364
8122377
2804309
9408509
6735344
5950490
3654481
2942470
3291532
6704852
320886
6438017
8507862
4923096
9755193
2741945
1226102
9383241
665863
4820518
5959472
4232882
3344860
595914
220476
2314803
3920085
5051403
8858370
613631
6318252
632820
8564928
5186966
259259
1961561
4818262
4725348
5413812
8690858
3538850
8766059
5320401
2058516
2914827
2560149
5623449
3880531
8782203
9854432
7955640
4952652
1093527
2044842
9136835
5310380
6847655
271428
4878603
9019154
3203306
8265010
5044804
1989479
4794288
4897172
6964599
4474089
140505
6138634
236917
7739820
7416993
1745591
4128746
9226903
7470701
4801561
766885
4926479
6954621
6467694
3860032
6432675
3606790
3394615
8476185
2607640
6164423
7761560
8943122
2645076
4597995
2987455
1775451
6993843
2302762
9154156
2679983
990833
527366
1636815
314498
5198130
1855271
3853089
7474979
2961903
8048249
6713878
255119
8654726
5798605
8297939
3949985
8459523
9893317
4744827
455087
9785899
3120979
4505199
7629291
2602267
3647748
4521210
2959570
8488713
2290619
2707416
5469486
7469577
1759275
1194913
2638147
2512813
7509778
5238387
2569937
8758728
7080569
7094136
5915455
6645889
2782806
2759638
9023379
962693
8700683
108761
8113693
7431752
7479959
1461966
2511414
4730866
7544938
7414268
8427981
2519206
419272
7064713
7610088
4357694
3248845
3412841
6001313
6229348
1457714
7696316
1760468
7312667
6498399
9805830
9034977
2509430
3264618
2631522
6084652
129770
7223390
6141421
7844458
3596729
9229259
9580844
6856591
947665
4622040
8980802
5854376
449372
5203798
5398332
2106082
7593649
8320645
1675860
3585936
3648021
1308722
3860900
1030236
8475265
1507218
1431495
7592651
5777381
866072
6100361
1355917
4631405
1905773
7609166
8636569
9658708
8747451
6671307
9703643
1172210
9395795
9118475
6709454
3662033
9634215
6869551
6853921
5935744
2204481
1598424
1190527
7181440
8946714
5585669
6330413
8972177
7565849
474330
7342126
7803460
2347445
722466
8560541
5526641
4328582
9874460
1846659
4471108
7184686
2395277
7765888
3088133
265521
2212490
3687817
2053441
4790565
2082838
4896699
3791106
8011000
527523
9508540
2387565
4673774
3752909
606472
6085056
6791003
2937604
4765610
9635087
2687572
9218434
4552818
239410
8231358
7102798
3923246
5333116
9667054
9517796
6061150
5702900
2423693
2031895
8219
7472538
6174220
7334656
3867787
4128448
3011841
4996285
4704553
1861119
6263304
7506572
2416152
1579292
6903462
7173510
609489
7117518
2560085
4212770
2274241
294203
458872
3106655
7392818
1693364
67141
315525
7184439
777318
9039706
767809
8608068
2007766
867645
3014147
6989834
5967725
8899894
7593060
4856036
4999674
1538834
6064875
6597541
1865983
8593015
6876845
2430590
1962906
7229461
8324853
8145377
8208025
8963143
6325676
5510967
5874519
8162393
4108066
7148625
7116613
390782
8887421
723450
4479160
228034
655037
893665
2600628
3490463
4773900
5857663
5333123
3123914
5136193
5345140
6620093
7426239
9239113
802129
992915
6057866
8302382
1602466
9574741
5080633
7362827
6613048
612109
8677077
8694226
2833970
5572855
1838375
4316860
4389192
2501259
3637523
4105249
3393042
546840
1416605
8198691
8954524
7371771
6706787
3434698
8940367
3026920
133614
7699233
368872
778394
1734203
8159025
1556021
7819917
1850497
9835523
2447386
8168736
7792676
8272137
1007587
1414699
19541
6301007
1809997
5959284
923178
3531784
3446569
1556414
9624192
7056778
8376977
3720090
4811326
4162921
9813818
7100861
2579828
8102610
2042015
7159000
4483940
9024032
4213006
7841657
5328835
9183970
6820682
4593670
430395
1975759
6576054
6094594
2487006
8525196
6463688
4622567
7452323
6495037
4955965
8043988
8517060
3693916
6513093
492156
4640891
3098823
198651
834204
5065773
8537305
6526078
3505998
8078572
1820123
7830699
4500613
5786182
2687527
6842749
1763260
283974
2323436
8148264
410468
1363629
337542
1691179
4484648
5312055
206717
9024205
5358782
7200899
7561631
5426374
4003384
1709350
441895
8969307
9346412
6306237
7385872
4465998
6351314
9299164
9742200
4153985
829783
703298
1841264
1877059
6650787
9586928
7291013
1243486
1028753
8703968
973672
9790533
7832487
2354215
1107650
7850475
1465906
3997910
3607205
5017089
8092571
6253323
2369113
7431498
4123335
7394355
9126668
7053604
9636223
2167051
9710306
3688869
1342764
6261906
3597296
5827360
4173558
8147943
6567921
5671877
2529328
3138546
2763630
1347669
4347363
1393959
9997926
6382158
4382185
1438252
7935979
1713896
4019450
3747128
8768466
1795695
4199880
793488
9178884
3729374
1704841
6266996
6504985
1790657
5753220
9242265
1784197
8171680
2207393
435516
8479734
342485
9320886
7548015
5805769
8838042
1680137