7154646
8310646
771370
8362125
5571245
5821384
3495622
4123055
4916160
4583791
3699137
7728622
4630223
6816318
420
420
9487335
420
420
420
9576710
3869778
3412579
7491932
1773510
2268837
420
2403681
8425836
6828106
832292
1959689
1313385
6123594
5498055
7547834
2648534
4906419
4927397
420
420
3140705
420
7951214
2878498
7514738
420
3879459
8800764
4214653
2549605
420
2975377
2724618
2145542
2834808
2765426
9043209
5806747
420
1565051
2443059
420
8214248
420
8356309
6565620
3967194
420
4447919
420
2527002
3736047
9228721
6981837
8948727
5733711
3870828
5239903
420
8045700
7260010
1672031
6596057
9392620
4245013
5462704
3882438
3538341
6151475
4315400
9393648
7940708
8718468
8667170
420
9184907
8625737
5806037
3825445
5985301
6443730
9858934
420
2276683
652834
1811757
741150
312448
6518665
420
2665204
420
1544408
365005
8262615
2321922
7575939
3909546
6138345
420
420
420
4315567
9869502
2460405
4942957
420
420
97677
6030279
420
420
5188754
8014816
9439652
2360396
420
420
420
1237829
5074930
420
4441737
6885471
8154219
420
8568384
2517996
6407813
420
6384209
1869258
1816742
622479
5273986
5997808
420
420
420
420
8246267
420
6225240
6319417
6169249
2990392
1187775
6104535
420
4335480
8781967
2358751
4249529
592207
6228593
3635825
1277260
7265983
420
8862458
2217513
6734166
6904519
420
420
6948708
5849617
911681
9193878
95662
4345746
3424552
420
420
3568623
1019080
5274585
5319614
4264272
7246405
7967140
420
495232
9142606
7161881
7036209
3582100
2869425
4001533
6631242
6436022
6437552
420
6645410
900451
8043842
420
5998074
3729811
5511378
7726729
420
9179425
667587
2256445
4692786
4111804
7222349
8321190
5143143
3860548
6364916
8601137
420
4392841
420
420
5717653
6641864
6094441
8592640
420
420
4364148
4668252
8199148
5870533
7840424
420
420
420
6681100
328078
8319196
1673540
420
2964298
4168187
420
5280525
7905191
420
4060878
5536543
7406795
987192
2456773
1228580
3049272
2108843
6935385
8173387
501209
6080286
982513
7729426
2420883
2870151
420
4631272
5447587
1389812
6361906
2020526
995048
8193881
4304459
1470601
420
3426500
1970676
3859399
6263277
7881287
5529569
420
7871424
9893198
4382249
3200590
4489220
420
420
4054474
6381828
3403853
6553743
4247380
4935567
4068152
8779544
8291032
6169155
420
8359341
8875203
981834
3491844
3117238
7504961
257722
7956004
420
1556913
6680553
7985015
9457299
264471
420
3065456
420
962476
8538647
420
7714761
5407575
2722327
3255179
420
6288348
420
2819862
420
187388
3870598
1430232
279358
3394153
5744261
220838
9879752
829181
5451303
420
4005511
6867717
5246001
5624087
4010512
5993806
7946315
9830974
420
6843710
420
9119280
3080739
5436125
5852299
9143602
1761277
7491502
6669499
1051816
420
3066813
8194057
4986204
2636032
8327389
1733887
7182684
420
7002237
984418
2362653
5866200
8074254
9407818
420
420
4777129
4319488
4006820
4592342
4235895
5544299
1061004
7568426
8808487
420
4266562
7181752
5464135
6568378
4156358
6900633
5146124
377238
5093268
420
420
9077597
9471733
420
5952694
8405959
4850051
420
4005170
7910701
6542190
3737123
420
240305
8257153
7470208
420
9337591
4603307
7746200
7977255
4940457
4688977
3076730
1616455
420
420
1423224
5876868
843053
216738
4230743
3189376
2576096
5313915
7586029
6813908
420
420
7839439
6722213
7388346
224093
420
3521293
3990049
8042411
8815782
420
3043582
2714300
4721438
1990135
3689533
5869171
9394603
420
8705438
4063422
748892
4086598
5556655
7457659
420
3676247
9677129
9983098
8657433
2552978
8428808
420
420
4597806
9509227
8388692
420
1345593
2479568
8349952
1081240
420
3726543
8386302
8295455
420
420
8464738
420
9148689
6471198
206881
3737579
7600599
7543006
420
5205559
420
2230852
71474
5607814
5198128
5319787
420
420
7862208
420
420
3910594
420
5990430
6665621
2889405
7596787
4180387
3063731
2503034
2228051
420
8212265
5601087
420
420
420
8262949
3188054
420
1978137
6853506
1642752
6109888
3525948
420
420
8861569
8599849
383603
1707124
3652451
9038140
8287181
807957
420
8600574
7850522
3474846
1389650
1806325
1800488
3976471
8497362
9335029
3761224
3151931
5837381
7908825
9104302
4477680
6897782
1764139
28096
7950483
420
420
9918081
5674766
7944044
420
420
2824548
420
2023640
420
9834074
8640654
5607474
5795845
837948
7714321
617433
6223765
3647234
420
420
6794107
89954
5959750
419918
3650136
5963693
420
3766998
63256
3901859
1223993
1974115
9559043
4501706
3909327
7470424
9692026
5395051
5387425
420
8751900
3570143
7954825
1872602
6845253
8021467
6319628
2767712
1524673
3909540
2586419
5206984
9229367
9620369
2124534
8804675
6830835
420
8347748
3123378
4968193
5139742
9891121
420
420
7566615
4102157
3299767
4424513
2361845
420
8583731
5791257
1750410
9942329
6352802
1067016
8186136
5950102
2183487
7897114
3788656
2930317
8367580
420
800007
3613482
2406953
4864108
6183591
4116477
4653771
420
8951141
420
7360535
1554755
7790573
8354738
420
420
420
1558164
6098050
3873189
2653454
9291282
2272996
420
5996530
9753997
2615245
6272212
3077168
4221805
3772881
4134647
420
3688409
420
420
5768153
5537168
8575165
7894687
6473163
5083173
7135718
4571407
420
6681172
8298145
2288104
5085858
2751850
420
2159559
9417743
4228570
9141326
420
161849
420
7470404
5231441
4969913
9271653
7848023
1709663
214183
7185474
3890194
1522242
2313189
420
3194549
8742107
7257689
7870076
2568664
8837986
420
420
420
2696071
3964277
588148
420
8594521
2394042
4311063
1681887
3373488
716402
4058316
420
5502727
5049995
420
4795896
1730068
627051
6057653
3011939
2295048
420
8312970
402714
1557945
6294677
420
9473399
7404763
1427653
5545716
8508919
1291975
2708985
6680044
420
5866776
1376386
2367747
2820334
533082
4362500
5409845
6117571
3508127
9146627
420
420
420
8095364
4212570
7432525
4466435
2864057
2614451
9476001
2234468
6685887
420
4230479
1600245
8118598
5684122
5395654
117271
4041626
8729374
9641353
6535625
3601047
1029136
5958779
6092447
420
6140308
2090545
420
6199436
678152
420
287587
420
154262
420
9670418
3269892
9730529
8735146
232250
4018487
8252811
420
4638071
420
5992483
4116435
1005
5929920
1431861
4083614
4096507
9458993
9422205
8646155
11760
7098630
3568820
1460363
8107123
8301671
2082557
7389941
1761676
8615
6308755
6220382
3309136
7357599
420
420
3308762
1808790
6194041
2010376
3654120
7678863
8789013
8404116
600981
8182109
420
7442592
420
420
420
9645925
7861829
420
1645192
420
4762512
5107336
3774700
420
6421284
5292229
4255077
3002975
9078266
420
420
6293659
1032851
8272135
7275494
7744091
5519864
9720933
420
8507852
2451150
2770918
6544940
1318339
420
420
5177704
5979964
420
2034538
8898090
9389258
5251885
420
3319518
1492524
1510862
420
420
7382772
6542151
5918081
2659974
420
420
2025996
420
7461271
4295498
420
420
420
6278413
5988011
5545939
4401162
420
7351264
5036571
4551708
420
6196803
420
420
5217403
5984455
2284076
8191854
8712102
420
9254378
1341881
9850589
8577002
504464
9721687
1921323
4028987
3047137
783760
7450942
7021522
420
3206689
5017249
1078254
9778255
3722322
5745674
3454146
8080639
5857582
4526356
8277985
5421014
7919975
7155492
1530874
5104976
1957977
7896257
5069355
2035517
420
2936582
4501189
6926925
420
2789290
8579956
4882654
9050266
4564362
420
5045966
8606829
5027322
420
4861329
7383796
9450317