7741
42995
50371
73856
85385
95282
108617
110224
111876
136568
148976
165204
200994
203208
215171
218764
245166
247405
280580
323212
364763
382452
393585
401861
414101
423430
431352
456026
470165
530125
550993
628122
641627
672632
674741
677842
679876
679919
715662
744691
764261
767766
781874
793275
806661
828920
838888
840064
850832
865304
873007
901198
914115
948329
965664
988272
1006309
1036142
1058021
1065536
1105949
1140000
1146212
1180971
1227985
1243786
1247795
1262347
1274381
1284556
1287635
1303079
1305804
1312671
1313792
1353727
1355738
1357246
1367306
1394010
1406165
1426204
1435167
1435422
1466218
1475570
1514509
1521339
1531536
1550537
1574759
1577291
1582891
1611718
1625166
1673125
1692240
1701533
1729127
1743517
1770577
1791019
1813307
1824168
1834199
1849788
1869082
1899588
1899634
1927275
1938277
1951876
1976182
2001152
2045096
2046829
2055184
2065497
2090146
2106384
2157333
2161480
2181910
2210779
2218434
2219059
2255112
2291020
2316204
2329248
2372813
2435901
2487377
2489573
2507167
2526446
2545270
2546929
2564079
2579665
2598510
2606200
2607959
2616761
2660366
2676678
2690123
2721923
2729589
2743568
2746877
2766770
2778205
2799009
2808770
2811907
2823810
2842040
2848406
2866118
2879828
2896610
2899590
2921256
2937571
2948806
2979160
3003496
3022573
3025998
3040295
3093943
3098113
3110676
3111211
3129148
3131792
3133775
3152214
3185319
3187084
3196805
3199109
3200933
3233986
3291339
3300901
3304516
3328973
3334437
3425531
3429196
3434554
3455763
3473127
3500790
3507710
3541965
3546280
3562306
3576210
3579330
3584704
3613708
3618311
3646157
3646928
3666008
3668977
3677618
3695428
3706879
3712651
3725770
3731821
3765535
3777836
3792900
3794230
3821289
3828927
3831725
3855769
3872045
3900881
3933906
3985743
3988770
3999750
4021677
4027275
4090226
4091297
4096533
4101200
4135527
4184520
4210700
4231677
4253909
4257911
4263260
4294701
4316333
4319843
4326440
4333313
4336996
4347131
4359938
4368320
4370304
4376137
4409048
4438953
4489846
4507561
4580603
4637821
4638351
4642871
4644952
4665070
4674283
4704464
4705451
4718958
4728325
4729704
4735567
4736426
4743188
4752680
4827619
4864203
4867197
4874732
4917446
4928800
4937468
4970609
4972893
4975428
4977632
4990117
4997440
4997878
4999466
5002737
5004920
5014819
5015912
5026813
5032229
5076474
5153416
5193519
5196447
5206654
5213288
5224393
5232303
5262596
5265170
5273281
5288279
5301723
5321771
5330933
5344387
5377575
5393531
5407924
5432941
5446549
5454580
5499888
5554012
5554370
5566916
5570372
5573953
5577428
5598151
5598243
5599688
5618650
5632081
5639017
5710238
5718511
5730253
5751863
5774356
5785425
5790204
5792101
5824102
5874907
5885553
5907304
5919753
5975524
5992049
6006334
6011753
6017035
6029341
6040404
6056732
6061718
6068191
6073411
6083320
6083819
6086992
6092580
6109949
6113090
6114797
6116853
6125524
6133984
6144986
6161745
6181474
6184310
6195016
6203268
6209210
6216763
6225809
6257401
6265250
6281763
6289571
6307093
6317209
6343132
6349954
6358364
6364592
6384425
6387673
6388736
6400598
6403362
6438389
6439791
6442919
6457127
6504755
6526430
6539039
6571267
6643833
6657996
6663511
6666646
6669758
6681048
6695508
6701490
6705235
6721125
6743546
6750263
6784148
6796945
6824273
6846220
6858363
6872317
6875591
6880600
6891073
6927313
6944726
6989734
7046267
7047650
7060231
7062805
7065013
7071255
7072673
7089896
7102633
7145007
7150509
7153708
7171688
7181817
7250302
7256373
7274054
7312471
7319419
7324367
7333312
7334872
7351110
7372275
7401380
7414939
7438829
7456471
7501738
7544950
7547822
7549275
7568063
7571673
7574723
7578374
7581830
7582342
7601694
7615792
7616786
7632277
7640895
7650607
7661435
7661493
7667316
7677680
7684661
7710140
7714853
7775806
7786845
7824664
7829187
7848950
7864342
7941636
8005788
8021941
8025089
8028734
8046019
8065660
8073727
8101868
8109680
8123926
8140606
8146957
8151539
8167276
8180110
8206065
8233025
8253374
8268839
8271647
8279857
8285845
8295730
8299173
8303419
8322701
8330901
8375586
8389383
8399776
8406134
8421736
8425264
8429788
8470223
8498250
8524568
8540050
8542946
8564213
8585343
8589522
8613167
8635309
8645890
8653433
8662216
8674620
8679375
8710285
8715601
8742367
8759503
8760787
8760882
8774313
8841125
8843619
8858228
8861969
8870554
8875214
8907442
8967485
9006815
9015845
9018854
9033057
9079211
9091185
9115479
9126763
9131572
9202078
9244241
9259947
9263372
9264680
9271364
9283640
9287763
9294984
9318532
9332718
9372755
9376980
9384554
9408210
9437561
9445858
9445905
9491814
9499974
9513477
9514671
9535763
9537006
9558415
9566836
9576921
9587588
9602942
9607837
9649092
9673604
9733970
9741726
9743748
9757914
9769715
9776622
9781817
9798884
9814022
9839989
9847608
9847761
9891679
9954488
9955705
9966918
9979442
9998525
6061983
4767612
1021131
7284637
8498944
3529120
5954966
976795
9049003
528243
6371630
1240016
4568517
7636375
4137852
1588032
5989352
2423253
6311052
3114830
1123749
8234515
4923525
7817499
8727863
9166309
7128956
8839997
8342101
3595424
8781446
3398609
9462910
3063856
4936576
748117
5489719
812736
9078046
7515749
3614085
7223020
6985118
2068420
5742782
979878
3992001
9000639
2379679
7354377
8446710
8541937
4220550
9894785
7634014
7595239
5961682
2597347
7328320
6011226
5035364
7210236
439861
2393909
9576532
6845710
7897976
3669030
9169067
5685731
6465653
333987
9702665
2085920
8531956
4131508
133246
2849082
6503397
3706524
9312628
2519445
5051075
7713392
8903365
3185948
9751224
9780560
2756770
7300190
7584151
123510
6517746
8968713
5690110
1752988
9137763
3196016
7075116
8343892
7827476
9643566
205909
8107875
480910
9171772
1430907
5023876
3631751
6015033
8504337
1777887
5009148
3474261
1729192
7914373
5479956
9897417
2138964
4904330
2846516
7094304
556422
3146645
9639930
6094339
2204897
8360076
7219933
6130177
6097876
1244136
8865007
2361696
4639500
4251300
573535
6600662
8265519
3374554
4221318
2563989
2665955
5656980
2168246
4087939
6853319
1499236
6216672
3399549
2414858
9138290
3109380
1099641
6318744
8605121
7465060
4128842
304263
4110015
6708596
2733881
9896112
1024004
1029831
1560914
4893786
2723592
1784902
4176386
1935961
9369943
6151496
8197006
8959820
1368049
2833864
2670115
1773765
6900024
5877277
3202611
5785669
6006772
3737969
2978806
7692051
792199
3060131
4461091
8145474
6923296
6648819
9943309
4787974
28583
844405
4817635
1446861
4465638
173167
1364500
6329061
9545558
8350503
4936971
5325424
5462627
7953362
1799303
5669953
7180263
1572413
8791372
8215188
6050494
9139612
8248453
2559873
9556866
9002377
3079197
3049921
6353842
5394687
5874836
9384700
558965
10609
1123708
480048
61531
878723
4835721
9309952
4803999
1109619
5855659
3106836
682907
2559797
2827620
939299
4594815
6563034
6357002
4614322
7852122
2427128
3257310
9563660
5263496
9845016
7525727
1269149
4295897
7414004
4514014
8052929
9229289
808973
5079176
9667210
3213697
6458366
8359619
2844655
2591294
8718336
9055654
1206656
6285549
2787646
4429522
9300644
8592404
620882
7252712
3204917
2847867
3540133
5279486
1782407
6638959
9618005
506512
9167963
8512117
3442646
1777322
6714411
6175554
5683549
9743246
8309690
1189
547168
6699877
4256083
4067528
8868033
2762946
307922
572298
5896036
6634456
7893967
2059023
200865
6258969
3195283
1140815
5691557
514944
2933007
1730937
1345788
3710308
5345833
558911
5241927
7513026
7909950
6096214
8408401
5805662
4507135
9590448
3386243
646191
4148445
2943765
7043401
1606641
8992951
6778141
6768620
6022846
1028457
3554161
7663330
8188100
6151935
5584916
9763222
2061414
7844656
7804577
2123564
2023624
8949355
2341317
6469133
1410358
5708792
9854876
4644921
7893329
2713749
9130865
3318592
3225006
1392612
3490667
3980106
5372301
2307788
8032989
3433958
6346218
9188642
9803681
1727973
329114
430214
9947913
3034536
215569
5395892
4740637
9193999
9586517
3684682
7666884
9778118
3509380
5104139
1311199
4533606
5224845
4426440
7261118
6806106
4259565
1853615
6731020
8794674
8451546
660088
2878814