3147164
3527471
420
7893743
420
6342402
1386163
7011175
5837843
420
420
5188892
4345271
420
420
420
2524025
9092715
420
420
6365173
420
420
420
3795410
2503193
6735284
3305955
420
5535803
1286956
7844781
420
5881643
5736720
420
420
420
420
3229344
5510571
420
9839601
420
420
420
420
8329832
8803317
420
420
5356423
420
8497689
420
4139081
420
944849
5369269
420
4628110
420
420
7766853
1627042
7524698
420
1964958
9378094
3099915
9216671
4511737
3199638
9132058
3380962
7107997
420
420
7080478
420
7628580
5692514
6404260
7650263
5550143
580087
420
420
420
420
420
606639
420
9319162
9940751
9566819
420
420
420
420
8343685
1588788
420
420
420
420
3014122
7930713
420
420
420
7371812
420
859665
9048472
9817401
1088921
4400502
420
2765015
6259906
8018188
8894118
420
4992054
420
420
9292513
2144159
476027
1409310
7421018
2722135
420
420
6771116
7110491
420
6976885
3033956
420
420
996589
1954055
420
697410
420
9124304
420
2766629
6937798
420
4546634
420
457034
420
420
8790296
420
420
5288256
1025548
1565344
8227319
8784155
7804771
3571867
6949210
420
8530004
1920050
420
420
2208784
420
7350934
420
2789511
5181758
1786796
420
420
1363099
8599915
420
4764984
420
420
420
1714344
601275
6727368
420
4493417
420
2307983
3564470
4345641
2841916
420
1548581
6752818
9616928
3799073
420
7893428
9102102
8511409
7003001
420
7403187
2963733
420
420
7227528
4530796
420
9209711
3227392
420
420
420
420
1433793
7216957
420
8973270
8570817
420
5443075
420
321365
2311623
2822135
420
697567
3310411
9149799
420
690376
2299772
4895352
9967054
8515779
5114637
2847419
5431548
420
420
2062149
998628
8095147
5746135
3764834
420
4701474
3246226
420
414890
5138064
104804
8527272
420
9905456
9230972
420
6180071
5470273
420
7573249
2655565
1511748
420
420
420
1454402
420
420
6922230
4986939
5971352
1779301
4864457
420
420
420
5561954
420
8175425
46774
420
420
420
420
345934
420
6541689
420
420
420
420
81520
7028836
623048
2648705
246949
2248548
5340644
420
831020
3304944
5749693
420
1479442
583083
420
2311977
5844042
7430832
420
2636914
5414743
2182334
420
420
5268415
420
601558
9890846
4997425
3013494
1733693
420
299021
420
420
4035488
420
5532763
420
7033213
5505643
4575889
1681988
5519987
420
420
420
4780632
208764
420
420
6244954
2023221
420
4460038
420
420
7379909
420
2541064
420
1259872
420
420
420
420
9598591
420
420
8727588
737529
420
3118547
1707197
8079493
4872484
6269186
8706749
4364918
4477818
4191585
7311585
420
983175
6017725
8053273
2257696
420
7405240
420
420
420
420
1958653
420
420
1179986
4524354
420
2037144
420
420
420
2362519
156141
6290140
420
420
420
8670470
3560647
420
3972628
420
175962
420
420
1110661
420
283262
420
253183
420
4156243
420
761226
420
9994413
420
4961820
420
9915309
420
420
8513009
420
4384749
4948335
420
7375691
7274614
7457399
8898299
5342989
3171221
3299657
3644791
8943017
420
420
1188568
420
9369848
420
7111072
420
420
2792150
420
420
420
420
7339691
420
420
9216030
420
5481111
3485720
420
9187411
420
1615491
1468852
239021
7234820
1825119
420
3309525
420
420
319240
6172385
420
4905912
420
5439666
2877503
5274741
2555919
6273385
5022149
7200209
9206667
7381917
9664742
420
420
420
420
420
1577740
420
4357940
420
420
9341219
3307044
8740307
8901579
420
420
5281024
420
420
6566767
6308382
3996311
509618
4305059
420
420
4154694
2129906
420
420
1387713
420
420
5756088
1372341
871165
5353747
8070922
5797726
420
9593462
308751
541556
420
5487895
420
9201642
2485956
3237238
3502622
8212321
6817308
420
7366174
420
9813787
7893522
4919
420
6290040
420
420
9135818
420
3073034
5431694
1341801
724813
9777528
4776473
420
4005953
9768467
8953900
9451269
4300391
228898
1634972
9560525
5995470
3373890
7666452
9234922
420
420
1995103
420
420
420
420
1733344
420
3396085
5439659
2041823
420
4137426
420
5206003
6955700
6864872
5565121
420
3584722
420
420
420
5823903
420
420
9395873
3295230
420
420
8735540
6815937
420
420
420
4596416
420
3222548
4822260
420
420
3367805
420
318236
6725172
420
420
420
2306956
1863872
4151130
5790068
420
420
420
6343453
5598333
420
6421405
867236
3975729
9010234
420
9196349
420
420
420
586176
8711697
420
7308220
2848574
420
7637840
8651778
420
1591396
594335
5713606
420
420
9207449
8688820
911778
6841531
6334539
420
6151444
2758677
3023238
5179068
9210725
9730730
1359754
420
4294039
139594
420
420
9159751
420
2571337
4720465
420
420
7230303
420
420
1197491
6492344
735432
1299674
9936448
4070122
1625506
7319838
420
420
919371
420
420
420
420
5253282
420
6873817
420
5250633
420
420
420
420
6031873
5338632
5081837
420
420
420
7144293
8150528
9850449
420
918638
1474339
5589024
4056188
3653983
6372736
1756212
2601832
7480006
7322413
7724178
758183
420
7597643
420
1938568
7597859
6672132
2617519
420
420
6599008
8890353
420
3358452
5323119
420
3239083
8925937
420
669079
1614593
420
660437
6060058
2709747
420
9662679
2146234
7063656
7191207
6722887
420
5643311
1358447
3396407
420
4533909
420
420
8845681
3227348
420
3186388
420
7589295
420
4610123
420
420
420
420
5340406
420
6271132
3417450
8734121
9295369
672037
6616474
3292533
4934993
420
420
420
420
139484
420
420
3808076
420
5385907
420
3192318
742331
1906118
420
420
6755805
420
420
4201903
7922828
420
4867660
8331507
8615070
9832936
1462021
2808579
1225168
420
7009671
2203424
420
1833234
420
5354162
2793863
420
420
420
420
3556
420
420
420
8560329
210340
420
420
420
3959193
3376266
5709631
8331723
3113461
4189720
2227781
6245299
420
789335
5251240
420
1294379
5667202
420
420
6783211
9959574
420
4761021
8557583
2779297
420
7028777
5639059
420
420
6057023
4343755
420
420
420
420
112920
420
420
9278758
5091300
420
5777556
1564063
420
4796478
2484258
5650745
7155913
420
2480814
420
4031362
420
4357747
420
1725904
2121495
2357247
420
6828574
7966828
9048454
420
420
5963258
4958853
3794637
508250
420
3406443
9098195
7831704
7488060
7938026
420
420
5010913
8480119
1611237
420
9816171
420
420
7043114
192870
9703941
420
8756106
6896316
6537258
420
420
8839981
420
420
420
6554097
4631782
1438863
9906850
3710664
6643620
5148427
9288424
1865277
420
1025147
2491427
8189565
1313134
420
5398365
420
2829920
9678731
420
420
8642020
420
499259
420
420
420
420
1254468
8374396
5781514
420
420
9300926
420
6225920
1856883
3263087
7024920
8329806
420
420
420
5215160
3364152
420
4743285
420
6594616
2697213
9006739
420
420
420
420
1681222
9574878
4035113
2143194
2232861
254980