7577008
256589
4753880
854405
5234934
1625197
2601786
1260275
2759580
7862669
1211528
845623
5587184
6454980
3646568
8792561
1033890
7272945
698252
3370437
5604644
5765820
7486902
7575271
4350825
6629000
4557867
6315229
4591702
4641742
6279991
3681593
4842008
4508921
8814417
2711374
2027270
7362379
7634825
2853299
7155858
3595422
1530566
2816663
7846024
5164401
4491182
8302184
8937118
8665367
6388544
6821935
2469212
9520678
8136464
3565853
1096187
7085094
4078926
8147075
3797138
7975407
2470784
5548474
9765829
37154
6215065
8303735
7235466
1960324
1812424
3734567
8955108
7140015
3955976
2425329
7240448
6095356
169612
5964266
7465847
5606588
6852284
5760424
7878739
2288191
4986441
4959793
2782036
4823733
7330936
1563576
8235183
6607928
3653508
2110346
227350
4365363
9653392
89744
7617620
9126972
4102109
9541738
8097126
2948684
5518307
6769877
339312
6227254
4222625
1849274
2837820
1738798
9108870
7044045
9533730
5035595
1358537
2923528
1898523
6348223
5299156
9378821
3893883
1499393
8903720
7394421
6792165
8067048
9988550
4974435
4756527
9476403
7005478
7171852
3081082
8909212
9211220
9565151
9484268
9776668
7862112
8932810
1282667
1204738
1200911
5352408
2542515
8149952
5030269
6413316
9390634
662358
9733029
9047874
7108908
9684268
6037419
6145352
5805030
6451226
2335093
7893368
2839787
4700301
5018560
2678414
8881852
2674461
2091743
2425900
1229903
3612312
8182504
790526
9603679
1374558
447181
3841977
4379214
8822720
2964141
7449247
1788909
9383724
509405
3358160
9098691
3713594
4603268
6933336
2650184
9668459
6651557
1843356
3383040
3130885
6639499
2868687
3984573
3157878
2408473
4718536
9308402
7718764
7542374
5254294
1128038
9045077
7087614
9948988
8884304
8439837
7787737
1371983
2677499
1187012
5463509
7515377
812087
1013873
3781417
1156959
8978589
5725905
424823
7978536
4825311
3884312
71992
2759373
7128732
3331598
781891
2646193
2665851
6725974
3074434
7572382
7857593
8466959
5126350
7016986
1528865
861486
563901
6453093
6740100
6184112
8521902
1006763
6105672
5412770
9133657
299939
1131989
2409239
8635984
1440246
9927928
4959976
1628776
7163843
436240
1887753
6368683
3170991
8951367
5332881
5116430
4579770
6207521
8952954
2748781
6917692
2568738
1068808
7695164
4089123
1817948
7775655
5385599
6833737
5018508
533234
1607131
9118640
4066489
435669
8695026
7451141
7638404
3440221
5879915
2653549
7555999
8428674
5522467
1299515
7053704
1064385
7073414
8094730
6761165
5322340
6189676
9893673
840623
3890302
1602453
3166661
315693
6938682
5939571
2801136
5116657
9066103
9688150
7246138
5699353
4387973
5684917
7006853
1343870
4174150
9271762
6408207
6044937
6811967
1905694
476092
2794316
6590073
2694212
3891167
3232827
3749659
6236505
7419368
7100990
951181
6518772
5867973
2807728
132994
9302484
3297667
5543379
6907873
2596385
8406117
7461525
5331083
8866888
482347
2541538
6434654
8379324
1553222
6028405
7319009
7526422
5435826
5472419
9171940
9798845
5526642
2828316
1925554
4501921
8522247
2703414
9625357
2589753
8099782
6773927
2525850
8382166
5343090
3512506
658090
5638217
8817702
4636390
8594407
5956240
5300580
2981336
3380784
6712494
5411447
4394416
3144830
5325719
8549284
4627014
7167303
1553964
5216225
8192486
2132727
1155789
9887528
4608833
9345970
1048326
521654
5222842
9010993
6371937
9926743
4535124
2070944
186515
2362253
6234956
5630587
9683190
1115292
4549173
9313662
8637794
2024148
5132276
8948518
5064791
8323883
4091560
456529
3130619
7294195
3222365
5401178
3890081
38869
8135456
9735722
9163995
4985527
9163725
8330100
71863
7631576
7383375
339023
9946570
7517338
643756
8186692
1107468
8153532
6808413
8936136
457690
3028310
8658295
8830630
3661108
3857998
9464591
7936303
7825032
8283556
7420946
7905964
8267110
2677853
2140787
8070508
9438762
2722628
4900782
4052108
2935699
5299082
3417199
6665273
8710956
8673106
6861602
4453877
5259051
2883543
1414942
58123
5870308
221178
4186343
6039615
8974927
3918828
5936418
2743873
9850667
4091382
6794138
3126401
2704412
6979020
2253665
753044
8866541
2795350
8016086
9886581
6020214
5058858
6746625
606148
3298350
1058581
7010703
5240986
6904527
3602810
5728385
9449039
3603752
875333
1093453
4801703
5597420
1855539
494072
2436528
5678244
8570990
9991052
1222488
7699458
9440581
7600845
7443680
2706925
5508662
611781
345431
1348296
3586095
1400648
3737499
9649859
6135033
2675138
4975575
3865146
7673358
4575725
5848250
8957893
7500565
6075783
9593305
4702637
2540699
2732943
8494683
1114900
1123625
7577083
5180305
6529638
745003
6825118
6346154
4007396
7944628
9980610
5500118
6224183
726920
9307372
801886
9112016
4743339
1718144
2765360
818145
7823354
8053507
9399932
2149596
9233384
4248902
7010053
9125679
6758199
6719580
2119903
8345728
2346039
7607865
9130701
5813104
1133800
4894710
6081788
9531853
3242036
4659763
9181102
6013015
3741472
4610970
1986988
6106246
155543
9063152
9518141
9873546
4575288
6858132
821573
5942323
8776601
8666683
476235
2505459
6726422
4213178
7057976
7810119
3525418
922251
7564754
1554430
7465471
2438103
5636992
4550193
4322988
2154663
3430138
2426559
6467787
8128401
5889386
2015794
703667
5938088
4959512
4895124
8869141
3500563
5034628
1173919
8254737
8474885
9106243
3464772
2806260
55517
4722121
7636625
9239038
8982702
2877551
2121183
2860527
8831971
7242001
3180848
1374705
1353355
1875660
2963668
5902225
6368620
8890933
8989699
4077446
4101747
6210974
4847701
8720074
1955293
8148389
4574861
5009633
547647
9263714
8776908
8629543
8963382
5288078
2507778
5831507
4959017
5139847
5986234
1523759
8629423
121926
1490110
3908254
5435537
8797606
3917791
6847358
9501536
592971
8870986
2058521
2289822
6811481
5047835
2777998
1812887
5592730
399866
397253
5227375
362028
3611674
8879220
3115225
6235619
18553
4580369
1306409
7618352
4854290
6805146
3481916
3267664
6041459
1043267
9568475
578186
5111729
6387287
8881539
4332865
4438663
2506759
3163047
8052789
6872703
2231640
5697448
4614270
8015003
1922325
1136493
5132266
1481871
2142031
62700
6490357
3198523
9383424
6230961
2607874
7594526
1979658
4023163
7380624
1518487
5011937
3772309
3765946
2592667
3679880
1774479
9231326
1109668
7994955
2582303
2351188
9693419
7666443
4801718
9148998
8318784
6880727
345174
4129977
3924655
3434589
722974
2988394
9813290
2904751
168012
2311411
3256755
3027425
5849420
3628250
1227640
8941402
9671699
6120595
1221975
802317
6852143
6423979
9580535
2661532
2907760
2907625
8660016
1603959
4778180
5810858
3186186
8026756
7974186
3964752
3933437
2977502
5621689
6941476
615976
2747814
984741
4398444
4440519
2488440
4328823
1235356
9757388
1030381
7054932
6368957
5746708
2470842
6945533
8359859
2894218
759349
9474389
453984
9808086
3957566
3552246
6273264
9034310
3547808
74814
3827169
5849936
1299857
712248
95281
2888655
7972129
8683841
7549568
6777276
3968334
8589325
9915192
3841715
8927485
9816682
2109021
3620753
4451999
8638789
4710757
2770455
4932725
5940173
317127
901445
2019147
3702460
3007377
8943038
4400854
8999732
4954392
4804323
6389031
1866594
9444270
1118066
7110397
6898419
7866166
6730457
6692781
1307959
646751
4034168
7295467
1024546
1794956
3595012
6005123
3165601
2236015
8017799
8019243
1203802
775662
4648684
4499485
1336392
5716847
1187135
8411167
4216424
3221947
9893276
3352956
9150600
2906716
2752128
5079631
8607628
7144884
1641285
985492
7604657
198071
2112214
9075438
9341937
8377120
2304032
4549723
9122871
9880162
9650782
6433989
5345829
2843664
5387655
8882839
4743543
1062545
650145
4474223
5399210
3795487
4721087
6743310
935526
5810210
3991027
7096011
3662434
3018673
8728203
1498238
6755409
7773479
4415027
3780790
5988374
5936610
1274720
8569496
9002325
9471932
9963238
9356484
8022166
1408882
9305603
9358879
3656714
4852021
6641348
5530891
977671
4385638
5405371
6356647
7245062
9212437
1199670
9857508
5421508
765256
5168143
2647908
2026536
3080731
7876360
3213164
6749214
3222750
8284156
4405422
5447881
1339123
7807941
7906440
6250872
1737040
2596121
1231636
4787691
9964639
9177899
3740515