14105
28826
34169
67533
75522
79094
91472
137405
149679
155430
156725
158734
166211
171185
175080
188439
197510
204191
211143
222435
224759
228560
250292
261680
262300
283828
289621
309815
333914
341943
349195
354407
357020
363692
385201
399772
414042
440014
440687
441088
449671
477328
484261
501409
512242
528480
537211
551209
578676
579833
599017
601839
606397
618364
626617
640450
653827
663063
671130
684811
688136
702442
715324
715630
728001
734181
754347
760831
768885
771300
774936
784550
786232
789917
810158
819836
832076
844951
855043
875385
885335
911162
920109
923200
954281
960311
981652
990090
1002560
1003883
1008548
1015264
1024990
1029839
1030507
1038760
1039556
1041543
1053547
1055189
1073044
1083479
1089061
1092215
1096380
1117420
1122051
1140078
1140694
1140832
1144719
1145644
1171556
1173071
1177565
1182326
1190565
1212599
1230456
1256095
1285727
1301704
1320038
1321309
1350054
1351314
1351591
1366061
1369529
1369836
1371253
1379764
1379881
1393059
1393830
1397159
1413492
1414882
1414988
1430824
1430858
1434179
1443443
1455913
1470466
1486900
1492015
1502414
1515116
1522758
1538109
1540137
1572080
1580723
1587667
1591172
1612600
1619838
1626171
1631755
1640828
1657168
1661479
1666494
1667012
1682607
1698554
1714961
1716074
1716778
1719045
1734298
1738182
1760912
1771992
1792411
1797443
1800783
1800880
1801381
1801918
1804360
1850395
1859484
1869032
1870083
1879900
1886857
1903367
1921030
1937402
1946879
1958107
1976066
1982590
2007336
2011103
2013437
2026983
2046052
2048894
2058567
2065186
2075243
2094854
2110379
2143063
2158556
2172032
2206355
2209990
2223250
2239241
2241850
2271235
2276787
2304342
2326086
2355662
2358859
2379209
2380406
2385544
2393298
2400457
2417128
2420435
2432330
2438972
2443301
2451169
2471664
2482357
2522545
2530682
2534244
2535148
2542710
2547262
2550292
2578801
2583438
2587230
2590671
2593834
2604843
2606802
2638653
2659481
2664530
2667271
2683499
2689717
2689800
2692309
2700195
2706546
2708603
2709239
2720776
2726041
2726105
2731420
2753064
2753984
2768324
2786140
2807020
2809860
2811639
2816248
2828522
2831718
2834307
2859189
2868740
2884925
2890402
2903564
2912844
2920633
2923974
2924607
2942200
2952194
2966346
2972112
2982276
2983001
2983097
2989777
2990229
2993722
2995444
3019649
3041175
3048867
3049942
3059650
3061292
3065971
3078799
3081154
3088866
3093200
3094318
3098901
3103210
3129184
3134161
3138840
3155224
3167908
3168860
3169115
3177035
3177483
3195509
3202659
3203676
3237762
3247408
3262495
3262609
3271337
3274210
3274885
3281882
3282856
3296582
3312933
3327443
3333198
3362351
3362720
3362880
3370557
3379296
3391168
3398062
3414989
3428400
3447496
3449633
3471173
3477178
3482261
3489424
3514096
3526911
3533587
3535116
3542718
3544049
3545898
3552521
3562883
3584118
3594741
3621377
3621923
3656991
3666693
3674236
3683973
3699795
3710840
3714125
3718923
3724388
3748460
3769770
3778102
3805278
3812685
3818817
3821670
3832750
3863895
3868062
3881667
3888995
3899150
3912493
3919437
3922698
3923826
3941792
3945333
3971061
3977463
4015094
4023929
4037261
4042936
4057863
4072493
4073350
4088514
4091207
4109198
4123452
4173559
4184462
4191491
4194053
4198044
4209769
4230973
4233297
4233336
4269687
4278227
4285456
4290313
4299990
4304243
4309739
4314162
4329683
4333317
4338631
4339238
4348059
4374172
4385461
4403638
4417069
4453449
4463736
4471197
4472621
4485887
4489197
4497526
4508004
4508455
4521937
4527505
4534019
4538959
4551034
4562143
4579542
4599336
4625188
4628581
4632545
4656773
4681630
4689855
4692397
4698922
4705622
4719173
4733156
4737601
4769071
4803501
4818542
4839128
4840895
4846557
4848029
4859132
4866530
4883749
4890108
4895986
4916735
4922577
4929785
4933268
4938200
4945008
4960237
4970921
4971264
4975635
4990757
4994090
4996211
4998152
4998198
4998430
5002051
5002926
5010252
5010581
5011455
5014645
5015679
5029409
5034877
5044411
5053619
5070330
5083771
5084537
5106982
5116731
5131763
5146089
5151221
5155349
5156831
5160328
5162073
5170303
5189681
5193924
5194928
5200330
5206276
5224305
5237277
5248132
5250875
5270594
5291394
5295474
5320527
5321560
5328615
5343039
5370165
5379360
5381168
5384849
5385755
5398529
5411927
5450773
5455861
5461033
5463094
5464163
5468966
5478166
5478195
5479280
5502356
5507431
5524255
5543255
5556322
5558103
5570893
5578817
5610498
5634202
5645275
5645631
5655376
5667557
5670061
5680688
5681401
5697106
5699157
5703952
5705763
5706941
5721110
5722607
5727479
5733765
5758676
5766525
5782193
5785450
5799359
5803785
5807048
5807156
5823658
5830760
5859151
5860581
5860900
5883698
5907504
5915017
5917083
5918823
5922840
5930631
5954309
5957604
5958791
5962392
5983380
5984831
5994844
6008655
6010600
6018753
6018870
6020283
6024886
6030488
6032438
6033490
6060965
6061823
6066448
6068838
6070481
6075262
6079427
6088622
6100469
6111232
6138559
6140530
6148538
6173521
6180190
6190675
6191950
6197482
6211855
6212528
6213051
6229232
6249909
6255826
6257855
6260664
6261502
6273283
6273391
6283839
6286970
6291144
6298348
6298556
6307337
6310052
6310187
6310806
6321483
6322390
6331384
6367682
6388452
6397679
6410574
6413543
6420563
6426733
6454249
6465076
6466330
6468091
6474938
6476726
6489139
6500111
6509922
6515091
6537060
6544673
6550144
6553696
6555278
6557800
6566854
6616873
6641563
6646366
6648758
6689935
6692272
6717087
6720621
6723129
6739923
6741465
6748487
6755263
6774298
6775583
6794509
6804251
6819742
6835416
6840118
6847799
6847933
6849637
6851007
6856978
6868545
6896481
6899890
6903337
6905310
6913676
6929006
6930541
6934181
6941599
6945273
6966171
6984183
6986410
7009733
7011288
7051005
7063988
7080945
7086607
7102798
7115239
7128865
7133279
7145387
7150556
7160840
7169598
7172938
7173394
7176001
7201080
7210953
7229218
7235868
7237362
7238688
7254757
7262704
7269875
7278854
7288414
7296987
7364890
7365533
7373048
7374364
7386725
7421868
7440874
7451105
7456352
7482734
7485176
7486326
7509735
7516926
7540220
7544238
7547825
7558204
7560019
7563126
7567510
7581471
7583300
7587355
7592587
7615308
7649674
7650218
7690216
7705768
7707593
7733441
7748308
7758983
7773198
7779871
7801238
7816093
7816164
7840558
7853356
7853668
7860726
7873517
7876535
7882757
7888144
7891085
7908787
7909032
7909094
7910883
7914568
7916668
7919690
7919739
7945939
7956482
7961132
7969735
7987880
7990990
7999697
8000064
8012036
8013833
8028057
8029933
8036349
8040337
8045688
8060491
8079537
8084590
8087702
8101134
8107961
8108358
8117199
8141362
8142374
8150758
8156038
8156940
8166252
8169205
8170036
8171619
8195091
8197825
8218201
8222641
8229814
8233401
8274975
8280783
8289598
8313453
8326066
8338946
8351916
8352906
8353720
8391566
8395429
8403384
8406259
8411505
8413075
8419389
8471119
8491048
8501171
8520092
8545995
8551179
8554266
8561001
8566491
8571628
8571632
8575458
8579650
8594563
8600853
8600989
8608788
8611563
8630751
8639210
8641763
8648234
8651217
8652044
8660495
8710394
8718395
8723427
8737178
8749985
8752527
8760568
8768579
8782993
8785246
8787021
8792178
8799944
8801223
8803822
8812741
8824843
8830674
8834678
8848397
8870272
8891535
8915378
8932876
8937821
8960888
8962009
8963894
8970977
8974853
8983865
8992379
9017054
9019827
9022488
9023400
9024423
9035451
9044327
9044525
9046491
9076218
9089206
9097268
9102053
9105730
9116742
9122487
9129355
9135821
9143922
9159720
9166826
9167286
9169150
9179859
9191928
9194386
9196801
9206508
9218413
9234810
9257838
9265364
9265415
9281000
9282435
9300382
9347924
9360674
9360873
9365738
9367123
9373679
9376512
9382875
9390906
9391820
9393953
9395322
9411349
9424498
9436535
9457622
9460586
9462701
9463298
9498744
9500429
9523647
9529206
9554817
9565923
9578326
9591200
9607246
9634019
9634492
9637382
9637497
9647582
9679310
9694533
9707406
9709618
9714358
9732434
9752106
9760130
9761298
9764227
9780459
9782276
9784733
9787051
9808055
9832351
9849783
9866900
9899486
9911377
9966437
9968370
9975470
9977552
9978166
9982732
9991045
9999197